碎片	名字	关卡ID1	关卡ID2	关卡ID3	空行																	
45	포삼낭	1	5	9																		
46	주창	11	15	19																		
67	주태	21	25	29																		
52	화웅	31	35	39																		
57	고순	41	45	49																		
68	능통	51	55	59																		
61	허저	61	65	69																		
55	진궁	71	75	79																		
87	초선	81	85	89																		
63	방덕	91	95	99																		
108	태사자	101	105	109																		
104	가후	111	115	119																		
41	위연	121	125	129																		
60	전위	131	135	139																		
110	대교	141	145	149																		
88	장각	151	155	159																		