小关卡id	小关卡标题	小关卡对话	每日最多	前置完成关卡	等级限制	每次扣除体力	武魂	铜钱奖励	未过回复次数	奖励道具	士兵分布图	主将ID	主将等级	主将阶级	副将1ID	副将1等级	副将1阶级	副将2ID	副将2等级	副将2阶级	步兵1ID	步兵1等级	骑兵2ID	骑兵2等级	弓兵3ID	弓兵3等级	士兵数量等级	特殊增益比例	精英副本增益比例	未过返还体力	主角经验Exp	公会掉落	空行
1	제1관	1	99	0	1,999	5	20	100	1	29,4,1,50,1,43,4,1,35,1,14,1,1,100,2,45,5,1,25,2,36,4,1,25,2,4,4,1,30,2,29,4,1,100,2,43,4,1,35,2	01-01.tmx	10001	4	1	11001	4	1		4	1	1101	1	2101	1	3101	1	1	0	0.3	5	200		
2	제2관	2	99	1,1	1,999	5	20	110	1	2,1,1,100,1,28,4,1,50,1,43,4,1,35,1,15,1,1,100,2,45,5,1,25,2,36,4,1,25,2,4,4,1,30,2,28,4,1,100,2,43,4,1,35,2	01-02.tmx	10002	5	1	11002	5	1		5	1	1101	1	2101	1	3101	1	1	0	0.3	5	260		
3	제3관	3	99	1,2	1,999	5	20	120	1	3,1,1,100,1,12,4,1,50,1,43,4,1,35,1,16,1,1,100,2,45,5,1,25,2,36,4,1,25,2,4,4,1,30,2,12,4,1,100,2,43,4,1,35,2	01-03.tmx	10003	6	1	11003	6	1		6	1	1101	1	2101	1	3101	1	1	0	0.3	5	280		
4	제4관	0	99	1,3	1,999	5	20	130	1	4,1,1,100,1,17,1,1,80,1,29,4,1,50,1,43,4,1,35,1,17,1,1,100,2,45,5,1,25,2,36,4,1,25,2,4,4,1,30,2,29,4,1,100,2,43,4,1,35,2	01-04.tmx	10004	7	1	11004	7	1		7	1	1101	1	2101	1	3101	1	1	0	0.3	5	300		
5	제5관	5	99	1,4	1,999	5	20	140	1	5,1,1,100,1,18,1,1,80,1,28,4,1,50,1,43,4,1,35,1,18,1,1,100,2,45,5,1,25,2,36,4,1,25,2,4,4,1,30,2,28,4,1,100,2,43,4,1,35,2	01-05.tmx	10005	11	1	11005	11	1		11	1	1101	1	2101	1	3101	1	1	0	0.3	5	500		
6	제6관	6	99	1,5	1,999	5	20	150	1	6,1,1,100,1,19,1,1,80,1,12,4,1,50,1,43,4,1,35,1,19,1,1,100,2,45,5,1,25,2,36,4,1,25,2,4,4,1,30,2,12,4,1,100,2,43,4,1,35,2	01-06.tmx	10006	19	1	11006	19	1		19	1	1101	1	2101	1	3101	1	1	0	0.3	5	350		
7	제7관	7	99	1,6	1,999	5	20	160	1	7,1,1,100,1,20,1,1,80,1,29,4,1,50,1,43,4,1,35,1,20,1,1,100,2,45,5,1,25,2,36,4,1,25,2,4,4,1,30,2,29,4,1,100,2,43,4,1,35,2	01-07.tmx	10007	26	1	11007	26	1		26	1	1101	1	2101	1	3101	1	1	0	0.3	5	360		
8	제8관	0	99	1,7	1,999	5	20	170	1	8,1,1,100,1,21,1,1,80,1,28,4,1,50,1,43,4,1,35,1,21,1,1,100,2,45,5,1,25,2,36,4,1,25,2,4,4,1,30,2,28,4,1,100,2,43,4,1,35,2	01-08.tmx	10008	41	1	11008	41	1		41	1	1101	1	2101	1	3101	1	1	0	0.3	5	380		
9	제9관	8	99	1,8	1,999	5	20	180	1	9,1,1,100,1,22,1,1,80,1,12,4,1,50,1,43,4,1,35,1,22,1,1,100,2,45,5,1,25,2,36,4,1,25,2,4,4,1,30,2,12,4,1,100,2,43,4,1,35,2	01-09.tmx	10009	30	1	11009	30	1		30	1	1101	1	2101	1	3101	1	1	0	0.3	5	400		
10	제10관	9,10	99	1,9	1,999	5	20	190	1	10,1,1,100,1,23,1,1,80,1,29,4,1,50,1,43,4,1,35,1,23,1,1,100,2,45,5,1,25,2,36,4,1,25,2,4,4,1,30,2,29,4,1,100,2,43,4,1,35,2	01-10.tmx	10010	20	2	11010	20	2	12010	20	2	1101	1	2101	1	3101	1	1	0	0.3	5	600		
11	제1관	11	99	1,10	1,999	5	23	200	1	11,1,1,100,1,24,1,1,80,1,28,4,1,50,1,43,4,1,35,1,24,1,1,100,2,46,5,1,25,2,36,4,1,25,2,4,4,1,30,2,28,4,1,100,2,43,4,1,35,2	02-01.tmx	10011	44	2	11011	44	2	12011	44	2	1101	1	2101	1	3101	1	1	0	0.3	5	410		
12	제2관	0	99	2,1	1,999	5	23	210	1	12,1,1,100,1,25,1,1,80,1,12,4,1,50,1,43,4,1,35,1,25,1,1,100,2,46,5,1,25,2,36,4,1,25,2,4,4,1,30,2,12,4,1,100,2,43,4,1,35,2	02-02.tmx	10012	44	2	11012	44	2	12012	44	2	1101	1	2101	1	3101	1	1	0	0.3	5	420		
13	제3관	12	99	2,2	1,999	5	23	220	1	12,1,1,100,1,26,1,1,80,1,29,4,1,50,1,43,4,1,35,1,26,1,1,100,2,46,5,1,25,2,36,4,1,25,2,4,4,1,30,2,29,4,1,100,2,43,4,1,35,2	02-03.tmx	10013	36	2	11013	36	2	12013	36	2	1101	1	2101	1	3101	1	1	0	0.3	5	430		
14	제4관	0	99	2,3	1,999	5	23	230	1	1,1,1,100,1,27,1,1,80,1,28,4,1,50,1,43,4,1,35,1,27,1,1,100,2,46,5,1,25,2,36,4,1,25,2,4,4,1,30,2,28,4,1,100,2,43,4,1,35,2	02-04.tmx	10014	37	2	11014	37	2	12014	37	2	1101	1	2101	1	3101	1	1	0	0.3	5	440		
15	제5관	14	99	2,4	1,999	5	23	240	1	2,1,1,100,1,28,1,1,80,1,12,4,1,50,1,43,4,1,35,1,28,1,1,100,2,46,5,1,25,2,36,4,1,25,2,4,4,1,30,2,12,4,1,100,2,43,4,1,35,2	02-05.tmx	10015	57	2	11015	57	2	12015	57	2	1101	1	2101	1	3101	1	1	0	0.3	5	500		
16	제6관	0	99	2,5	1,999	5	23	250	1	3,1,1,100,1,29,1,1,80,1,29,4,1,50,1,43,4,1,35,1,29,1,1,100,2,46,5,1,25,2,36,4,1,25,2,4,4,1,30,2,29,4,1,100,2,43,4,1,35,2	02-06.tmx	10016	61	2	11016	61	2	12016	61	2	1101	2	2101	2	3101	2	1	0	0.3	5	460		
17	제7관	15	99	2,6	1,999	5	23	260	1	4,1,1,100,1,30,1,1,80,1,28,4,1,50,1,43,4,1,35,1,30,1,1,100,2,46,5,1,25,2,36,4,1,25,2,4,4,1,30,2,28,4,1,100,2,43,4,1,35,2	02-07.tmx	10017	45	2	11017	45	2	12017	45	2	1101	2	2101	2	3101	2	1	0	0.3	5	485		
18	제8관	0	99	2,7	1,999	5	23	270	1	5,1,1,100,1,31,1,1,80,1,12,4,1,50,1,43,4,1,35,1,31,1,1,100,2,46,5,1,25,2,36,4,1,25,2,4,4,1,30,2,12,4,1,100,2,43,4,1,35,2	02-08.tmx	10018	52	2	11018	52	2	12018	52	2	1101	2	2101	2	3101	2	1	0	0.3	5	500		
19	제9관	16	99	2,8	1,999	5	23	280	1	6,1,1,100,1,14,1,1,80,1,29,4,1,50,1,43,4,1,35,1,14,1,1,100,2,46,5,1,25,2,36,4,1,25,2,4,4,1,30,2,29,4,1,100,2,43,4,1,35,2	02-09.tmx	10019	61	2	11019	61	2	12019	61	2	1101	2	2101	2	3101	2	1	0	0.3	5	520		
20	제10관	17,18	99	2,9	1,999	5	23	290	1	7,1,1,100,1,15,1,1,80,1,28,4,1,50,1,43,4,1,35,1,15,1,1,100,2,46,5,1,25,2,36,4,1,25,2,4,4,1,30,2,28,4,1,100,2,43,4,1,35,2	02-10.tmx	10020	53	3	11020	53	3	12020	53	3	1101	3	2101	3	3101	3	1	0	0.3	5	540		
21	제1관	19	99	2,10	1,999	5	26	300	1	8,1,1,100,1,16,1,1,80,1,12,4,1,50,1,43,4,1,35,1,16,1,1,100,2,67,5,1,25,2,37,4,1,25,2,4,4,1,30,2,12,4,1,100,2,43,4,1,35,2	03-01.tmx	10021	57	3	11021	57	3	12021	57	3	1101	3	2101	3	3101	3	1	0	0.3	5	550		
22	제2관	20	99	3,1	1,999	5	26	310	1	9,1,1,100,1,17,1,1,80,1,29,4,1,50,1,43,4,1,35,1,17,1,1,100,2,67,5,1,25,2,37,4,1,25,2,4,4,1,30,2,29,4,1,100,2,43,4,1,35,2	03-02.tmx	10022	46	3	11022	46	3	12022	46	3	1101	3	2101	3	3101	3	11	0	0.3	5	560		
23	제3관	0	99	3,2	1,999	5	26	320	1	10,1,1,100,1,18,1,1,80,1,28,4,1,50,1,43,4,1,35,1,18,1,1,100,2,67,5,1,25,2,37,4,1,25,2,4,4,1,30,2,28,4,1,100,2,43,4,1,35,2	03-03.tmx	10023	39	3	11023	39	3	12023	39	3	1101	3	2101	3	3101	3	11	0	0.3	5	580		
24	제4관	0	99	3,3	1,999	5	26	330	1	11,1,1,100,1,19,1,1,80,1,12,4,1,50,1,43,4,1,35,1,19,1,1,100,2,67,5,1,25,2,37,4,1,25,2,4,4,1,30,2,12,4,1,100,2,43,4,1,35,2	03-04.tmx	10024	39	3	11024	39	3	12024	39	3	1101	3	2101	3	3101	3	11	0	0.3	5	600		
25	제5관	21,22	99	3,4	1,999	5	26	340	1	12,1,1,100,1,20,1,1,80,1,29,4,1,50,1,43,4,1,35,1,20,1,1,100,2,67,5,1,25,2,37,4,1,25,2,4,4,1,30,2,29,4,1,100,2,43,4,1,35,2	03-05.tmx	10025	45	3	11025	45	3	12025	45	3	1101	3	2101	3	3101	3	11	0	0.3	5	620		
26	제6관	0	99	3,5	1,999	5	26	350	1	13,1,1,100,1,21,1,1,80,1,28,4,1,50,1,43,4,1,35,1,21,1,1,100,2,67,5,1,25,2,37,4,1,25,2,4,4,1,30,2,28,4,1,100,2,43,4,1,35,2	03-06.tmx	10026	60	3	11026	60	3	12026	60	3	1101	4	2101	4	3101	4	11	0	0.3	5	640		
27	제7관	23	99	3,6	1,999	5	26	360	1	1,1,1,100,1,22,1,1,80,1,12,4,1,50,1,43,4,1,35,1,22,1,1,100,2,67,5,1,25,2,37,4,1,25,2,4,4,1,30,2,12,4,1,100,2,43,4,1,35,2	03-07.tmx	10027	54	3	11027	54	3	12027	54	3	1101	4	2101	4	3101	4	11	0	0.3	5	660		
28	제8관	0	99	3,7	1,999	5	26	370	1	1,1,1,100,1,23,1,1,80,1,29,4,1,50,1,43,4,1,35,1,23,1,1,100,2,67,5,1,25,2,37,4,1,25,2,4,4,1,30,2,29,4,1,100,2,43,4,1,35,2	03-08.tmx	10028	53	3	11028	53	3	12028	53	3	1101	4	2101	4	3101	4	11	0	0.3	5	680		
29	제9관	24	99	3,8	1,999	5	26	380	1	3,1,1,100,1,24,1,1,80,1,28,4,1,50,1,43,4,1,35,1,24,1,1,100,2,67,5,1,25,2,37,4,1,25,2,4,4,1,30,2,28,4,1,100,2,43,4,1,35,2	03-09.tmx	10029	56	3	11029	56	3	12029	56	3	1101	4	2101	4	3101	4	11	0	0.3	5	700		
30	제10관	25,26	99	3,9	1,999	5	26	390	1	4,1,1,100,1,25,1,1,80,1,12,4,1,50,1,43,4,1,35,1,25,1,1,100,2,67,5,1,25,2,37,4,1,25,2,4,4,1,30,2,12,4,1,100,2,43,4,1,35,2	03-10.tmx	10030	33	4	11030	33	4	12030	33	4	1101	4	2101	4	3101	4	11	0	0.3	5	720		
31	제1관	27	99	3,10	1,999	5	29	400	1	5,1,1,100,1,26,1,1,80,1,29,4,1,50,1,43,4,1,35,1,26,1,1,100,2,52,5,1,25,2,37,4,1,25,2,4,4,1,30,2,29,4,1,100,2,43,4,1,35,2	04-01.tmx	10031	53	4	11031	53	4	12031	53	4	1101	4	2101	4	3101	4	20	0	0.3	5	740		
32	제2관	0	99	4,1	1,999	5	29	410	1	6,1,1,100,1,27,1,1,80,1,28,4,1,50,1,43,4,1,35,1,27,1,1,100,2,52,5,1,25,2,37,4,1,25,2,4,4,1,30,2,28,4,1,100,2,43,4,1,35,2	04-02.tmx	10032	57	4	11032	57	4	12032	57	4	1101	4	2101	4	3101	4	20	0	0.3	5	760		
33	제3관	28	99	4,2	1,999	5	29	420	1	7,1,1,100,1,28,1,1,80,1,12,4,1,50,1,43,4,1,35,1,28,1,1,100,2,52,5,1,25,2,37,4,1,25,2,4,4,1,30,2,12,4,1,100,2,43,4,1,35,2	04-03.tmx	10033	52	4	11033	52	4	12033	52	4	1101	4	2101	4	3101	4	20	0	0.3	5	780		
34	제4관	0	99	4,3	1,999	5	29	430	1	8,1,1,100,1,29,1,1,80,1,29,4,1,50,1,43,4,1,35,1,29,1,1,100,2,52,5,1,25,2,37,4,1,25,2,4,4,1,30,2,29,4,1,100,2,43,4,1,35,2	04-04.tmx	10034	69	4	11034	69	4	12034	69	4	1101	4	2101	4	3101	4	20	0	0.3	5	800		
35	제5관	29,30	99	4,4	1,999	5	29	440	1	9,1,1,100,1,30,1,1,80,1,28,4,1,50,1,43,4,1,35,1,30,1,1,100,2,52,5,1,25,2,37,4,1,25,2,4,4,1,30,2,28,4,1,100,2,43,4,1,35,2	04-05.tmx	10035	58	4	11035	58	4	12035	58	4	1101	4	2101	4	3101	4	20	0	0.3	5	820		
36	제6관	0	99	4,5	1,999	5	29	450	1	10,1,1,100,1,31,1,1,80,1,12,4,1,50,1,43,4,1,35,1,31,1,1,100,2,52,5,1,25,2,37,4,1,25,2,4,4,1,30,2,12,4,1,100,2,43,4,1,35,2	04-06.tmx	10036	64	4	11036	64	4	12036	64	4	1101	5	2101	5	3101	5	20	0	0.3	5	840		
37	제7관	31,32	99	4,6	1,999	5	29	460	1	11,1,1,100,1,14,1,1,80,1,29,4,1,50,1,43,4,1,35,1,14,1,1,100,2,52,5,1,25,2,37,4,1,25,2,4,4,1,30,2,29,4,1,100,2,43,4,1,35,2	04-07.tmx	10037	61	4	11037	61	4	12037	61	4	1101	5	2101	5	3101	5	20	0	0.3	5	860		
38	제8관	0	99	4,7	1,999	5	29	470	1	12,1,1,100,1,15,1,1,80,1,28,4,1,50,1,43,4,1,35,1,15,1,1,100,2,52,5,1,25,2,37,4,1,25,2,4,4,1,30,2,28,4,1,100,2,43,4,1,35,2	04-08.tmx	10038	85	4	11038	85	4	12038	85	4	1101	5	2101	5	3101	5	20	0	0.3	5	880		
39	제9관	33	99	4,8	1,999	5	29	480	1	13,1,1,100,1,16,1,1,80,1,12,4,1,50,1,43,4,1,35,1,16,1,1,100,2,52,5,1,25,2,37,4,1,25,2,4,4,1,30,2,12,4,1,100,2,43,4,1,35,2	04-09.tmx	10039	95	4	11039	95	4	12039	95	4	1101	5	2101	5	3101	5	20	0	0.3	5	900		
40	제10관	34,35	99	4,9	1,999	5	29	490	1	1,1,1,100,1,17,1,1,80,1,29,4,1,50,1,43,4,1,35,1,17,1,1,100,2,52,5,1,25,2,37,4,1,25,2,4,4,1,30,2,29,4,1,100,2,43,4,1,35,2	04-10.tmx	10040	47	5	11040	47	5	12040	47	5	1101	5	2101	5	3101	5	20	0	0.3	5	920		
41	제1관	36	99	4,10	1,999	5	32	500	1	2,1,1,100,1,18,1,1,80,1,28,4,1,50,1,43,4,1,35,1,18,1,1,100,2,57,5,1,25,2,37,4,1,25,2,4,4,1,30,2,28,4,1,100,2,43,4,1,35,2	05-01.tmx	10041	51	5	11041	51	5	12041	51	5	1101	5	2101	5	3101	5	20	0	0.3	5	940		
42	제2관	0	99	5,1	1,999	5	32	510	1	3,1,1,100,1,19,1,1,80,1,12,4,1,50,1,43,4,1,35,1,19,1,1,100,2,57,5,1,25,2,37,4,1,25,2,4,4,1,30,2,12,4,1,100,2,43,4,1,35,2	05-02.tmx	10042	53	5	11042	53	5	12042	53	5	1101	5	2101	5	3101	5	20	0	0.3	5	960		
43	제3관	37	99	5,2	1,999	5	32	520	1	4,1,1,100,1,20,1,1,80,1,29,4,1,50,1,43,4,1,35,1,20,1,1,100,2,57,5,1,25,2,37,4,1,25,2,4,4,1,30,2,29,4,1,100,2,43,4,1,35,2	05-03.tmx	10043	40	6	11043	40	6	12043	40	6	1101	5	2101	5	3101	5	20	0	0.3	5	980		
44	제4관	0	99	5,3	1,999	5	32	530	1	5,1,1,100,1,21,1,1,80,1,28,4,1,50,1,43,4,1,35,1,21,1,1,100,2,57,5,1,25,2,37,4,1,25,2,4,4,1,30,2,28,4,1,100,2,43,4,1,35,2	05-04.tmx	10044	40	6	11044	40	6	12044	40	6	1101	6	2101	6	3101	6	20	0	0.3	5	1005		
45	제5관	38,39	99	5,4	1,999	5	32	540	1	6,1,1,100,1,22,1,1,80,1,12,4,1,50,1,43,4,1,35,1,22,1,1,100,2,57,5,1,25,2,37,4,1,25,2,4,4,1,30,2,12,4,1,100,2,43,4,1,35,2	05-05.tmx	10045	38	6	11045	38	6	12045	38	6	1101	6	2101	6	3101	6	20	0	0.3	5	1040		
46	제6관	40	99	5,5	1,999	5	32	550	1	7,1,1,100,1,23,1,1,80,1,29,4,1,50,1,43,4,1,35,1,23,1,1,100,2,57,5,1,25,2,37,4,1,25,2,4,4,1,30,2,29,4,1,100,2,43,4,1,35,2	05-06.tmx	10046	57	6	11046	57	6	12046	57	6	1101	6	2101	6	3101	6	20	0	0.3	5	1075		
47	제7관	0	99	5,6	1,999	5	32	560	1	8,1,1,100,1,24,1,1,80,1,28,4,1,50,1,43,4,1,35,1,24,1,1,100,2,57,5,1,25,2,37,4,1,25,2,4,4,1,30,2,28,4,1,100,2,43,4,1,35,2	05-07.tmx	10047	57	6	11047	57	6	12047	57	6	1101	6	2101	6	3101	6	20	0	0.3	5	1110		
48	제8관	41	99	5,7	1,999	5	32	570	1	9,1,1,100,1,25,1,1,80,1,12,4,1,50,1,43,4,1,35,1,25,1,1,100,2,57,5,1,25,2,37,4,1,25,2,4,4,1,30,2,12,4,1,100,2,43,4,1,35,2	05-08.tmx	10048	46	6	11048	46	6	12048	46	6	1101	6	2101	6	3101	6	20	0	0.3	5	1145		
49	제9관	0	99	5,8	1,999	5	32	580	1	10,1,1,100,1,26,1,1,80,1,29,4,1,50,1,43,4,1,35,1,26,1,1,100,2,57,5,1,25,2,37,4,1,25,2,4,4,1,30,2,29,4,1,100,2,43,4,1,35,2	05-09.tmx	10049	43	6	11049	43	6	12049	43	6	1101	6	2101	6	3101	6	20	0	0.3	5	1180		
50	제10관	42,43	99	5,9	1,999	5	32	590	1	11,1,1,100,1,27,1,1,80,1,28,4,1,50,1,43,4,1,35,1,27,1,1,100,2,57,5,1,25,2,37,4,1,25,2,4,4,1,30,2,28,4,1,100,2,43,4,1,35,2	05-10.tmx	10050	35	6	11050	35	6	12050	35	6	1101	7	2101	7	3101	7	20	0	0.3	5	1215		
51	제1관	44	99	5,10	1,999	5	35	600	1	11,1,1,100,1,28,1,1,80,1,12,4,1,50,1,43,4,1,35,1,28,1,1,100,2,89,5,1,30,2,37,4,1,25,2,4,4,1,30,2,12,4,1,100,2,43,4,1,35,2	06-01.tmx	10051	46	7	11051	46	7	12051	46	7	1101	7	2101	7	3101	7	20	0	0.3	5	1250		
52	제2관	45	99	6,1	1,999	5	35	610	1	13,1,1,100,1,29,1,1,80,1,29,4,1,50,1,43,4,1,35,1,29,1,1,100,2,89,5,1,30,2,37,4,1,25,2,4,4,1,30,2,29,4,1,100,2,43,4,1,35,2	06-02.tmx	10052	43	7	11052	43	7	12052	43	7	1101	7	2101	7	3101	7	20	0	0.3	5	1285		
53	제3관	0	99	6,2	1,999	5	35	620	1	1,1,1,100,1,30,1,1,80,1,28,4,1,50,1,43,4,1,35,1,30,1,1,100,2,89,5,1,30,2,37,4,1,25,2,4,4,1,30,2,28,4,1,100,2,43,4,1,35,2	06-03.tmx	10053	47	7	11053	47	7	12053	47	7	1101	7	2101	7	3101	7	20	0	0.3	5	1320		
54	제4관	0	99	6,3	1,999	5	35	630	1	2,1,1,100,1,31,1,1,80,1,12,4,1,50,1,43,4,1,35,1,31,1,1,100,2,89,5,1,30,2,37,4,1,25,2,4,4,1,30,2,12,4,1,100,2,43,4,1,35,2	06-04.tmx	10054	51	7	11054	51	7	12054	51	7	1101	7	2101	7	3101	7	20	0	0.3	5	1355		
55	제5관	46,47	99	6,4	1,999	5	35	640	1	3,1,1,100,1,14,1,1,80,1,29,4,1,50,1,43,4,1,35,1,14,1,1,100,2,89,5,1,30,2,37,4,1,25,2,4,4,1,30,2,29,4,1,100,2,43,4,1,35,2	06-05.tmx	10055	54	7	11055	54	7	12055	54	7	1101	7	2101	7	3101	7	20	0	0.3	5	1390		
56	제6관	0	99	6,5	1,999	5	35	650	1	4,1,1,100,1,15,1,1,80,1,28,4,1,50,1,43,4,1,35,1,15,1,1,100,2,89,5,1,30,2,37,4,1,25,2,4,4,1,30,2,28,4,1,100,2,43,4,1,35,2	06-06.tmx	10056	66	7	11056	66	7	12056	66	7	1101	8	2101	8	3101	8	20	0	0.3	5	1425		
57	제7관	48	99	6,6	1,999	5	35	660	1	5,1,1,100,1,16,1,1,80,1,12,4,1,50,1,43,4,1,35,1,16,1,1,100,2,89,5,1,30,2,37,4,1,25,2,4,4,1,30,2,12,4,1,100,2,43,4,1,35,2	06-07.tmx	10057	71	7	11057	71	7	12057	71	7	1101	8	2101	8	3101	8	20	0	0.3	5	1460		
58	제8관	0	99	6,7	1,999	5	35	670	1	6,1,1,100,1,17,1,1,80,1,29,4,1,50,1,43,4,1,35,1,17,1,1,100,2,89,5,1,30,2,37,4,1,25,2,4,4,1,30,2,29,4,1,100,2,43,4,1,35,2	06-08.tmx	10058	76	7	11058	76	7	12058	76	7	1101	8	2101	8	3101	8	20	0	0.3	5	1495		
59	제9관	49	99	6,8	1,999	5	35	680	1	7,1,1,100,1,18,1,1,80,1,28,4,1,50,1,43,4,1,35,1,18,1,1,100,2,89,5,1,30,2,37,4,1,25,2,4,4,1,30,2,28,4,1,100,2,43,4,1,35,2	06-09.tmx	10059	59	8	11059	59	8	12059	59	8	1101	8	2101	8	3101	8	20	0	0.3	5	1530		
60	제10관	50,51	99	6,9	1,999	5	35	690	1	8,1,1,100,1,19,1,1,80,1,12,4,1,50,1,43,4,1,35,1,19,1,1,100,2,89,5,1,30,2,37,4,1,25,2,4,4,1,30,2,12,4,1,100,2,43,4,1,35,2	06-10.tmx	10060	74	8	11060	74	8	12060	74	8	1101	8	2101	8	3101	8	20	0	0.3	5	1565		
61	제1관	52	99	6,10	1,999	5	38	700	1	8,1,1,100,1,20,1,1,80,1,29,4,1,50,1,43,4,1,35,1,20,1,1,100,2,102,5,1,30,2,37,4,1,25,2,4,4,1,30,2,29,4,1,100,2,43,4,1,35,2	07-01.tmx	10061	57	8	11061	57	8	12061	57	8	1101	8	2101	8	3101	8	20	0	0.3	5	1600	95,1,1,40,100,1,1,40,76,1,1,40,42,4,1,50,47,4,10,80	
62	제2관	0	99	7,1	1,999	5	38	710	1	9,1,1,100,1,21,1,1,80,1,28,4,1,50,1,43,4,1,35,1,21,1,1,100,2,102,5,1,30,2,37,4,1,25,2,4,4,1,30,2,28,4,1,100,2,43,4,1,35,2	07-02.tmx	10062	75	8	11062	75	8	12062	75	8	1101	9	2101	9	3101	9	20	0	0.3	5	1635	95,1,1,40,100,1,1,40,76,1,1,40,42,4,1,50,47,4,10,80	
63	제3관	53	99	7,2	1,999	5	38	720	1	11,1,1,100,1,22,1,1,80,1,12,4,1,50,1,43,4,1,35,1,22,1,1,100,2,102,5,1,30,2,37,4,1,25,2,4,4,1,30,2,12,4,1,100,2,43,4,1,35,2	07-03.tmx	10063	65	8	11063	65	8	12063	65	8	1101	9	2101	9	3101	9	20	0	0.3	5	1670	95,1,1,40,100,1,1,40,76,1,1,40,42,4,1,50,48,4,10,50	
64	제4관	54	99	7,3	1,999	5	38	730	1	12,1,1,100,1,23,1,1,80,1,29,4,1,50,1,43,4,1,35,1,23,1,1,100,2,102,5,1,30,2,37,4,1,25,2,4,4,1,30,2,29,4,1,100,2,43,4,1,35,2	07-04.tmx	10064	53	8	11064	53	8	12064	53	8	1101	9	2101	9	3101	9	20	0	0.3	5	1705	95,1,1,40,100,1,1,40,76,1,1,40,42,4,1,50,48,4,10,50	
65	제5관	55,56	99	7,4	1,999	5	38	740	1	12,1,1,100,1,24,1,1,80,1,28,4,1,50,1,43,4,1,35,1,24,1,1,100,2,102,5,1,30,2,37,4,1,25,2,4,4,1,30,2,28,4,1,100,2,43,4,1,35,2	07-05.tmx	10065	54	8	11065	54	8	12065	54	8	1101	9	2101	9	3101	9	20	0	0.3	5	1740	95,1,1,40,100,1,1,40,76,1,1,40,42,4,1,50,38,4,1,80	
66	제6관	57	99	7,5	1,999	5	38	750	1	1,1,1,100,1,25,1,1,80,1,12,4,1,50,1,43,4,1,35,1,25,1,1,100,2,102,5,1,30,2,37,4,1,25,2,4,4,1,30,2,12,4,1,100,2,43,4,1,35,2	07-06.tmx	10066	61	8	11066	61	8	12066	61	8	1101	9	2101	9	3101	9	20	0	0.3	5	1775	95,1,1,40,100,1,1,40,76,1,1,40,42,4,1,50,50,4,5,50	
67	제7관	0	99	7,6	1,999	5	38	760	1	2,1,1,100,1,26,1,1,80,1,29,4,1,50,1,43,4,1,35,1,26,1,1,100,2,102,5,1,30,2,37,4,1,25,2,4,4,1,30,2,29,4,1,100,2,43,4,1,35,2	07-07.tmx	10067	56	9	11067	56	9	12067	56	9	1101	9	2101	9	3101	9	20	0	0.3	5	1810	95,1,1,40,100,1,1,40,76,1,1,40,42,4,1,50,50,4,5,50	
68	제8관	58	99	7,7	1,999	5	38	770	1	3,1,1,100,1,27,1,1,80,1,28,4,1,50,1,43,4,1,35,1,27,1,1,100,2,102,5,1,30,2,37,4,1,25,2,4,4,1,30,2,28,4,1,100,2,43,4,1,35,2	07-08.tmx	10068	56	9	11068	56	9	12068	56	9	1101	10	2101	10	3101	10	20	0	0.3	5	1845	95,1,1,40,100,1,1,40,76,1,1,40,42,4,1,50,49,4,5,50	
69	제9관	59	99	7,8	1,999	5	38	780	1	4,1,1,100,1,28,1,1,80,1,12,4,1,50,1,43,4,1,35,1,28,1,1,100,2,102,5,1,30,2,37,4,1,25,2,4,4,1,30,2,12,4,1,100,2,43,4,1,35,2	07-09.tmx	10069	61	9	11069	61	9	12069	61	9	1101	10	2101	10	3101	10	20	0	0.3	5	1880	95,1,1,40,100,1,1,40,76,1,1,40,42,4,1,50,49,4,5,50	
70	제10관	60,61	99	7,9	1,999	5	38	790	1	5,1,1,100,1,29,1,1,80,1,29,4,1,50,1,43,4,1,35,1,29,1,1,100,2,102,5,1,30,2,37,4,1,25,2,4,4,1,30,2,29,4,1,100,2,43,4,1,35,2	07-10.tmx	10070	65	9	11070	65	9	12070	65	9	1101	10	2101	10	3101	10	20	0	0.3	5	1915	95,1,1,40,100,1,1,40,76,1,1,40,42,4,1,50,38,4,2,80	
71	제1관	62	99	7,10	1,999	5	42	800	1	6,1,1,100,1,30,1,1,80,1,19,4,1,12,1,43,4,1,35,1,30,1,1,100,2,98,5,1,30,2,37,4,1,25,2,4,4,1,30,2,19,4,1,25,2,43,4,1,35,2	08-01.tmx	10071	99	9	11071	99	9	12071	99	9	1102	1	2102	1	3102	1	20	0	0.3	5	1950	76,1,1,40,74,1,1,40,112,1,1,40,42,4,2,50,47,4,11,80	
72	제2관	63	99	8,1	1,999	5	42	810	1	7,1,1,100,1,31,1,1,80,1,25,4,1,12,1,43,4,1,35,1,31,1,1,100,2,98,5,1,30,2,37,4,1,25,2,4,4,1,30,2,25,4,1,25,2,43,4,1,35,2	08-02.tmx	10072	80	9	11072	80	9	12072	80	9	1102	1	2102	1	3102	1	20	0	0.3	5	1985	76,1,1,40,74,1,1,40,112,1,1,40,42,4,2,50,47,4,11,80	
73	제3관	0	99	8,2	1,999	5	42	820	1	8,1,1,100,1,14,1,1,80,1,16,4,1,12,1,43,4,1,35,1,14,1,1,100,2,98,5,1,30,2,37,4,1,25,2,4,4,1,30,2,16,4,1,25,2,43,4,1,35,2	08-03.tmx	10073	90	9	11073	90	9	12073	90	9	1102	1	2102	1	3102	1	20	0	0.3	5	2020	76,1,1,40,74,1,1,40,112,1,1,40,42,4,2,50,48,4,11,50	
74	제4관	0	99	8,3	1,999	5	42	830	1	9,1,1,100,1,15,1,1,80,1,19,4,1,12,1,43,4,1,35,1,15,1,1,100,2,98,5,1,30,2,37,4,1,25,2,4,4,1,30,2,19,4,1,25,2,43,4,1,35,2	08-04.tmx	10074	84	10	11074	84	10	12074	84	10	1102	2	2102	2	3102	2	20	0	0.3	5	2055	76,1,1,40,74,1,1,40,112,1,1,40,42,4,2,50,48,4,11,50	
75	제5관	64,65	99	8,4	1,999	5	42	840	1	10,1,1,100,1,16,1,1,80,1,25,4,1,12,1,43,4,1,35,1,16,1,1,100,2,98,5,1,30,2,37,4,1,25,2,4,4,1,30,2,25,4,1,25,2,43,4,1,35,2	08-05.tmx	10075	74	10	11075	74	10	12075	74	10	1102	2	2102	2	3102	2	20	0	0.3	5	2090	76,1,1,40,74,1,1,40,112,1,1,40,42,4,2,50,38,4,1,80	
76	제6관	0	99	8,5	1,999	5	42	850	1	10,1,1,100,1,17,1,1,80,1,19,4,1,12,1,43,4,1,35,1,17,1,1,100,2,98,5,1,30,2,37,4,1,25,2,4,4,1,30,2,16,4,1,25,2,43,4,1,35,2	08-06.tmx	10076	79	10	11076	79	10	12076	79	10	1102	2	2102	2	3102	2	20	0	0.3	5	2125	76,1,1,40,74,1,1,40,112,1,1,40,42,4,2,50,50,4,6,50	
77	제7관	66	99	8,6	1,999	5	42	860	1	12,1,1,100,1,18,1,1,80,1,25,4,1,12,1,43,4,1,35,1,18,1,1,100,2,98,5,1,30,2,37,4,1,25,2,4,4,1,30,2,19,4,1,25,2,43,4,1,35,2	08-07.tmx	10077	89	10	11077	89	10	12077	89	10	1102	2	2102	2	3102	2	20	0	0.3	5	2160	76,1,1,40,74,1,1,40,112,1,1,40,42,4,2,50,50,4,6,50	
78	제8관	67	99	8,7	1,999	5	42	870	1	13,1,1,100,1,19,1,1,80,1,16,4,1,12,1,43,4,1,35,1,19,1,1,100,2,98,5,1,30,2,37,4,1,25,2,4,4,1,30,2,25,4,1,25,2,43,4,1,35,2	08-08.tmx	10078	79	10	11078	79	10	12078	79	10	1102	3	2102	3	3102	3	20	0	0.3	5	2195	76,1,1,40,74,1,1,40,112,1,1,40,42,4,2,50,49,4,6,50	
79	제9관	68	99	8,8	1,999	5	42	880	1	1,1,1,100,1,20,1,1,80,1,19,4,1,12,1,43,4,1,35,1,20,1,1,100,2,98,5,1,30,2,37,4,1,25,2,4,4,1,30,2,16,4,1,25,2,43,4,1,35,2	08-09.tmx	10079	68	10	11079	68	10	12079	68	10	1102	3	2102	3	3102	3	20	0	0.3	5	2230	76,1,1,40,74,1,1,40,112,1,1,40,42,4,2,50,49,4,6,50	
80	제10관	69,70	99	8,9	1,999	5	42	890	1	2,1,1,100,1,21,1,1,80,1,25,4,1,12,1,43,4,1,35,1,21,1,1,100,2,98,5,1,30,2,37,4,1,25,2,4,4,1,30,2,19,4,1,25,2,43,4,1,35,2	08-10.tmx	10080	55	10	11080	55	10	12080	55	10	1102	4	2102	4	3102	4	20	0	0.3	5	2265	76,1,1,40,74,1,1,40,112,1,1,40,42,4,2,50,38,4,3,80	
81	제1관	71	99	8,10	1,999	5	48	900	1	3,1,1,100,1,22,1,1,80,1,16,4,1,12,1,43,4,1,35,1,22,1,1,100,2,85,5,1,30,2,37,4,1,25,2,4,4,1,30,2,25,4,1,25,2,43,4,1,35,2	09-01.tmx	10081	63	10	11081	63	10	12081	63	10	1102	4	2102	4	3102	4	20	0	0.3	5	2300	112,1,1,40,105,1,1,40,107,1,1,40,42,4,3,50,47,4,12,80	
82	제2관	0	99	9,1	1,999	5	48	910	1	4,1,1,100,1,23,1,1,80,1,19,4,1,12,1,43,4,1,35,1,23,1,1,100,2,85,5,1,30,2,37,4,1,25,2,4,4,1,30,2,16,4,1,25,2,43,4,1,35,2	09-02.tmx	10082	57	11	11082	57	11	12082	57	11	1102	4	2102	4	3102	4	20	0	0.3	5	2330	112,1,1,40,105,1,1,40,107,1,1,40,42,4,3,50,47,4,12,80	
83	제3관	72	99	9,2	1,999	5	48	920	1	5,1,1,100,1,24,1,1,80,1,25,4,1,12,1,43,4,1,35,1,24,1,1,100,2,85,5,1,30,2,37,4,1,25,2,4,4,1,30,2,25,4,1,25,2,43,4,1,35,2	09-03.tmx	10083	63	11	11083	63	11	12083	63	11	1102	5	2102	5	3102	5	20	0	0.3	5	2360	112,1,1,40,105,1,1,40,107,1,1,40,42,4,3,50,48,4,12,50	
84	제4관	0	99	9,3	1,999	5	48	930	1	6,1,1,100,1,25,1,1,80,1,16,4,1,12,1,43,4,1,35,1,25,1,1,100,2,85,5,1,30,2,37,4,1,25,2,4,4,1,30,2,16,4,1,25,2,43,4,1,35,2	09-04.tmx	10084	67	11	11084	67	11	12084	67	11	1102	5	2102	5	3102	5	20	0	0.3	5	2390	112,1,1,40,105,1,1,40,107,1,1,40,42,4,3,50,48,4,12,50	
85	제5관	73,74	99	9,4	1,999	5	48	940	1	7,1,1,100,1,26,1,1,80,1,19,4,1,12,1,43,4,1,35,1,26,1,1,100,2,85,5,1,30,2,37,4,1,25,2,4,4,1,30,2,19,4,1,25,2,43,4,1,35,2	09-05.tmx	10085	65	11	11085	65	11	12085	65	11	1102	5	2102	5	3102	5	20	0	0.3	5	2420	112,1,1,40,105,1,1,40,107,1,1,40,42,4,3,50,38,4,4,80	
86	제6관	0	99	9,5	1,999	5	48	950	1	8,1,1,100,1,27,1,1,80,1,25,4,1,12,1,43,4,1,35,1,27,1,1,100,2,85,5,1,30,2,37,4,1,25,2,4,4,1,30,2,25,4,1,25,2,43,4,1,35,2	09-06.tmx	10086	68	11	11086	68	11	12086	68	11	1102	6	2102	6	3102	6	20	0	0.3	5	2450	112,1,1,40,105,1,1,40,107,1,1,40,42,4,3,50,50,4,7,50	
87	제7관	75	99	9,6	1,999	5	48	960	1	9,1,1,100,1,28,1,1,80,1,16,4,1,12,1,43,4,1,35,1,28,1,1,100,2,85,5,1,30,2,37,4,1,25,2,4,4,1,30,2,16,4,1,25,2,43,4,1,35,2	09-07.tmx	10087	68	11	11087	68	11	12087	68	11	1102	6	2102	6	3102	6	20	0	0.3	5	2480	112,1,1,40,105,1,1,40,107,1,1,40,42,4,3,50,50,4,7,50	
88	제8관	76	99	9,7	1,999	5	48	970	1	10,1,1,100,1,29,1,1,80,1,19,4,1,12,1,43,4,1,35,1,29,1,1,100,2,85,5,1,30,2,37,4,1,25,2,4,4,1,30,2,19,4,1,25,2,43,4,1,35,2	09-08.tmx	10088	70	11	11088	70	11	12088	70	11	1102	6	2102	6	3102	6	20	0	0.3	5	2510	112,1,1,40,105,1,1,40,107,1,1,40,42,4,3,50,49,4,7,50	
89	제9관	0	99	9,8	1,999	5	48	980	1	11,1,1,100,1,30,1,1,80,1,25,4,1,12,1,43,4,1,35,1,30,1,1,100,2,85,5,1,30,2,37,4,1,25,2,4,4,1,30,2,25,4,1,25,2,43,4,1,35,2	09-09.tmx	10089	73	11	11089	73	11	12089	73	11	1102	6	2102	6	3102	6	20	0	0.3	5	2540	112,1,1,40,105,1,1,40,107,1,1,40,42,4,3,50,49,4,7,50	
90	제10관	77,87	99	9,9	1,999	5	48	990	1	12,1,1,100,1,31,1,1,80,1,16,4,1,12,1,43,4,1,35,1,31,1,1,100,2,85,5,1,30,2,37,4,1,25,2,4,4,1,30,2,16,4,1,25,2,43,4,1,35,2	09-10.tmx	10090	65	12	11090	65	12	12090	65	12	1102	7	2102	7	3102	7	20	0	0.3	5	2570	112,1,1,40,105,1,1,40,107,1,1,40,42,4,3,50,38,4,5,80	
91	제1관	79	99	9,10	1,999	5	54	1000	1	13,1,1,100,1,14,1,1,80,1,19,4,1,12,1,43,4,1,35,1,14,1,1,100,2,95,5,1,30,2,37,4,1,25,2,4,4,1,30,2,19,4,1,25,2,43,4,1,35,2	10-01.tmx	10091	80	12	11091	80	12	12091	80	12	1102	7	2102	7	3102	7	20	0	0.3	5	2600	107,1,1,40,80,1,1,40,101,1,1,40,42,4,4,50,47,4,13,80	
92	제2관	0	99	10,1	1,999	5	54	1010	1	1,1,1,100,1,15,1,1,80,1,25,4,1,12,1,43,4,1,35,1,15,1,1,100,2,95,5,1,30,2,37,4,1,25,2,4,4,1,30,2,25,4,1,25,2,43,4,1,35,2	10-02.tmx	10092	88	12	11092	88	12	12092	88	12	1102	7	2102	7	3102	7	20	0	0.3	5	2630	107,1,1,40,80,1,1,40,101,1,1,40,42,4,4,50,47,4,13,80	
93	제3관	80	99	10,2	1,999	5	54	1020	1	2,1,1,100,1,16,1,1,80,1,16,4,1,12,1,43,4,1,35,1,16,1,1,100,2,95,5,1,30,2,37,4,1,25,2,4,4,1,30,2,16,4,1,25,2,43,4,1,35,2	10-03.tmx	10093	81	12	11093	81	12	12093	81	12	1102	8	2102	8	3102	8	20	0	0.3	5	2660	107,1,1,40,80,1,1,40,101,1,1,40,42,4,4,50,48,4,13,50	
94	제4관	0	99	10,3	1,999	5	54	1030	1	3,1,1,100,1,17,1,1,80,1,19,4,1,12,1,43,4,1,35,1,17,1,1,100,2,95,5,1,30,2,37,4,1,25,2,4,4,1,30,2,19,4,1,25,2,43,4,1,35,2	10-04.tmx	10094	75	12	11094	75	12	12094	75	12	1102	8	2102	8	3102	8	20	0	0.3	5	2690	107,1,1,40,80,1,1,40,101,1,1,40,42,4,4,50,48,4,13,50	
95	제5관	81,82	99	10,4	1,999	5	54	1040	1	4,1,1,100,1,18,1,1,80,1,25,4,1,12,1,43,4,1,35,1,18,1,1,100,2,95,5,1,30,2,37,4,1,25,2,4,4,1,30,2,25,4,1,25,2,43,4,1,35,2	10-05.tmx	10095	89	12	11095	89	12	12095	89	12	1102	8	2102	8	3102	8	20	0	0.3	5	2720	107,1,1,40,80,1,1,40,101,1,1,40,42,4,4,50,38,4,6,80	
96	제6관	83	99	10,5	1,999	5	54	1050	1	5,1,1,100,1,19,1,1,80,1,16,4,1,12,1,43,4,1,35,1,19,1,1,100,2,95,5,1,30,2,37,4,1,25,2,4,4,1,30,2,16,4,1,25,2,43,4,1,35,2	10-06.tmx	10096	88	12	11096	88	12	12096	88	12	1102	9	2102	9	3102	9	20	0	0.3	5	2750	107,1,1,40,80,1,1,40,101,1,1,40,42,4,4,50,50,4,8,50	
97	제7관	84	99	10,6	1,999	5	54	1060	1	6,1,1,100,1,20,1,1,80,1,19,4,1,12,1,43,4,1,35,1,20,1,1,100,2,95,5,1,30,2,37,4,1,25,2,4,4,1,30,2,19,4,1,25,2,43,4,1,35,2	10-07.tmx	10097	86	12	11097	86	12	12097	86	12	1102	9	2102	9	3102	9	20	0	0.3	5	2780	107,1,1,40,80,1,1,40,101,1,1,40,42,4,4,50,50,4,8,50	
98	제8관	0	99	10,7	1,999	5	54	1070	1	7,1,1,100,1,21,1,1,80,1,25,4,1,12,1,43,4,1,35,1,21,1,1,100,2,95,5,1,30,2,37,4,1,25,2,4,4,1,30,2,25,4,1,25,2,43,4,1,35,2	10-08.tmx	10098	86	13	11098	86	13	12098	86	13	1102	9	2102	9	3102	9	20	0	0.3	5	2810	107,1,1,40,80,1,1,40,101,1,1,40,42,4,4,50,49,4,8,50	
99	제9관	0	99	10,8	1,999	5	54	1080	1	8,1,1,100,1,22,1,1,80,1,16,4,1,12,1,43,4,1,35,1,22,1,1,100,2,95,5,1,30,2,37,4,1,25,2,4,4,1,30,2,16,4,1,25,2,43,4,1,35,2	10-09.tmx	10099	88	13	11099	88	13	12099	88	13	1102	9	2102	9	3102	9	20	0	0.3	5	2840	107,1,1,40,80,1,1,40,101,1,1,40,42,4,4,50,49,4,8,50	
100	제10관	85,86	99	10,9	1,999	5	54	1090	1	9,1,1,100,1,23,1,1,80,1,19,4,1,12,1,43,4,1,35,1,23,1,1,100,2,95,5,1,30,2,37,4,1,25,2,4,4,1,30,2,19,4,1,25,2,43,4,1,35,2	10-10.tmx	10100	81	13	11100	81	13	12100	81	13	1102	10	2102	10	3102	10	20	0	0.3	5	2870	107,1,1,40,80,1,1,40,101,1,1,40,42,4,4,50,38,4,7,80	
101	제1관	87	99	10,10	1,999	5	60	1100	1	14,1,1,100,1,24,1,1,80,1,25,4,1,12,1,43,4,1,35,1,24,1,1,100,2,114,5,1,15,2,38,4,1,7,2,4,4,1,30,2,25,4,1,25,2,43,4,1,35,2	11-01.tmx	10101	94	13	11101	94	13	12101	94	13	1102	10	2102	10	3102	10	20	0	0.3	5	2882	101,1,1,40,96,1,1,40,93,1,1,40,42,4,5,50,47,4,14,80	
102	제2관	88	99	11,1	1,999	5	60	1110	1	15,1,1,100,1,25,1,1,80,1,16,4,1,12,1,43,4,1,35,1,25,1,1,100,2,114,5,1,15,2,38,4,1,7,2,4,4,1,30,2,16,4,1,25,2,43,4,1,35,2	11-02.tmx	10102	90	13	11102	90	13	12102	90	13	1102	10	2102	10	3102	10	20	0	0.3	5	2895	101,1,1,40,96,1,1,40,93,1,1,40,42,4,5,50,47,4,14,80	
103	제3관	0	99	11,2	1,999	5	60	1120	1	16,1,1,100,1,26,1,1,80,1,19,4,1,12,1,43,4,1,35,1,26,1,1,100,2,114,5,1,15,2,38,4,1,7,2,4,4,1,30,2,19,4,1,25,2,43,4,1,35,2	11-03.tmx	10103	97	13	11103	97	13	12103	97	13	1102	11	2102	11	3102	11	20	0	0.3	5	2907	101,1,1,40,96,1,1,40,93,1,1,40,42,4,5,50,48,4,14,50	
104	제4관	0	99	11,3	1,999	5	60	1130	1	17,1,1,100,1,27,1,1,80,1,25,4,1,12,1,43,4,1,35,1,27,1,1,100,2,114,5,1,15,2,38,4,1,7,2,4,4,1,30,2,25,4,1,25,2,43,4,1,35,2	11-04.tmx	10104	107	13	11104	107	13	12104	107	13	1102	11	2102	11	3102	11	20	0	0.3	5	2920	101,1,1,40,96,1,1,40,93,1,1,40,42,4,5,50,48,4,14,50	
105	제5관	89,90	99	11,4	1,999	5	60	1140	1	18,1,1,100,1,28,1,1,80,1,16,4,1,12,1,43,4,1,35,1,28,1,1,100,2,114,5,1,15,2,38,4,1,7,2,4,4,1,30,2,16,4,1,25,2,43,4,1,35,2	11-05.tmx	10105	110	13	11105	110	13	12105	110	13	1102	11	2102	11	3102	11	20	0	0.3	5	2932	101,1,1,40,96,1,1,40,93,1,1,40,42,4,5,50,38,4,8,80	
106	제6관	91	99	11,5	1,999	5	60	1150	1	19,1,1,100,1,29,1,1,80,1,19,4,1,12,1,43,4,1,35,1,29,1,1,100,2,114,5,1,15,2,38,4,1,7,2,4,4,1,30,2,19,4,1,25,2,43,4,1,35,2	11-06.tmx	10106	104	14	11106	104	14	12106	104	14	1102	12	2102	12	3102	12	20	0	0.3	5	2945	101,1,1,40,96,1,1,40,93,1,1,40,42,4,5,50,50,4,9,50	
107	제7관	0	99	11,6	1,999	5	60	1160	1	20,1,1,100,1,30,1,1,80,1,25,4,1,12,1,43,4,1,35,1,30,1,1,100,2,114,5,1,15,2,38,4,1,7,2,4,4,1,30,2,25,4,1,25,2,43,4,1,35,2	11-07.tmx	10107	107	14	11107	107	14	12107	107	14	1102	12	2102	12	3102	12	20	0	0.3	5	2957	101,1,1,40,96,1,1,40,93,1,1,40,42,4,5,50,50,4,9,50	
108	제8관	0	99	11,7	1,999	5	60	1170	1	21,1,1,100,1,31,1,1,80,1,16,4,1,12,1,43,4,1,35,1,31,1,1,100,2,114,5,1,15,2,38,4,1,7,2,4,4,1,30,2,16,4,1,25,2,43,4,1,35,2	11-08.tmx	10108	110	14	11108	110	14	12108	110	14	1102	12	2102	12	3102	12	20	0	0.3	5	2970	101,1,1,40,96,1,1,40,93,1,1,40,42,4,5,50,49,4,9,50	
109	제9관	92	99	11,8	1,999	5	60	1180	1	22,1,1,100,1,14,1,1,80,1,19,4,1,12,1,43,4,1,35,1,14,1,1,100,2,114,5,1,15,2,38,4,1,7,2,4,4,1,30,2,19,4,1,25,2,43,4,1,35,2	11-09.tmx	10109	116	14	11109	116	14	12109	116	14	1102	12	2102	12	3102	12	20	0	0.3	5	2982	101,1,1,40,96,1,1,40,93,1,1,40,42,4,5,50,49,4,9,50	
110	제10관	93,94	99	11,9	1,999	5	60	1190	1	23,1,1,100,1,15,1,1,80,1,25,4,1,12,1,43,4,1,35,1,15,1,1,100,2,114,5,1,15,2,38,4,1,7,2,4,4,1,30,2,25,4,1,25,2,43,4,1,35,2	11-10.tmx	10110	93	14	11110	93	14	12110	93	14	1102	13	2102	13	3102	13	20	0	0.3	5	2995	101,1,1,40,96,1,1,40,93,1,1,40,42,4,5,50,38,4,9,80	
111	제1관	95	99	11,10	1,999	5	68	1200	1	24,1,1,100,1,34,1,1,20,1,16,4,1,12,1,43,4,1,35,1,34,1,1,40,2,117,5,1,15,2,38,4,1,7,2,4,4,1,30,2,16,4,1,25,2,43,4,1,35,2	12-01.tmx	10111	115	14	11111	115	14	12111	115	14	1102	13	2102	13	3102	13	20	0	0.3	5	3007	89,1,1,40,91,1,1,40,110,1,1,40,42,4,6,50,47,4,15,80	
112	제2관	0	99	12,1	1,999	5	68	1210	1	25,1,1,100,1,35,1,1,20,1,19,4,1,12,1,43,4,1,35,1,35,1,1,40,2,117,5,1,15,2,38,4,1,7,2,4,4,1,30,2,19,4,1,25,2,43,4,1,35,2	12-02.tmx	10112	112	15	11112	112	15	12112	112	15	1102	13	2102	13	3102	13	20	0	0.3	5	3020	89,1,1,40,91,1,1,40,110,1,1,40,42,4,6,50,47,4,15,80	
113	제3관	96	99	12,2	1,999	5	68	1220	1	26,1,1,100,1,36,1,1,20,1,25,4,1,12,1,43,4,1,35,1,36,1,1,40,2,117,5,1,15,2,38,4,1,7,2,4,4,1,30,2,25,4,1,25,2,43,4,1,35,2	12-03.tmx	10113	105	15	11113	105	15	12113	105	15	1102	14	2102	14	3102	14	20	0	0.3	5	3032	89,1,1,40,91,1,1,40,110,1,1,40,42,4,6,50,48,4,15,50	
114	제4관	0	99	12,3	1,999	5	68	1230	1	27,1,1,100,1,37,1,1,20,1,16,4,1,12,1,43,4,1,35,1,37,1,1,40,2,117,5,1,15,2,38,4,1,7,2,4,4,1,30,2,16,4,1,25,2,43,4,1,35,2	12-04.tmx	10114	110	15	11114	110	15	12114	110	15	1102	14	2102	14	3102	14	20	0	0.3	5	3045	89,1,1,40,91,1,1,40,110,1,1,40,42,4,6,50,48,4,15,50	
115	제5관	97,98	99	12,4	1,999	5	68	1240	1	28,1,1,100,1,38,1,1,20,1,19,4,1,12,1,43,4,1,35,1,38,1,1,40,2,117,5,1,15,2,38,4,1,7,2,4,4,1,30,2,19,4,1,25,2,43,4,1,35,2	12-05.tmx	10115	109	15	11115	109	15	12115	109	15	1102	14	2102	14	3102	14	20	0	0.3	5	3057	89,1,1,40,91,1,1,40,110,1,1,40,42,4,6,50,38,4,10,80	
116	제6관	99	99	12,5	1,999	5	68	1250	1	29,1,1,100,1,39,1,1,20,1,25,4,1,12,1,43,4,1,35,1,39,1,1,40,2,117,5,1,15,2,38,4,1,7,2,4,4,1,30,2,25,4,1,25,2,43,4,1,35,2	12-06.tmx	10116	108	16	11116	108	16	12116	108	16	1102	15	2102	15	3102	15	20	0	0.3	5	3070	89,1,1,40,91,1,1,40,110,1,1,40,42,4,6,50,50,4,10,50	
117	제7관	0	99	12,6	1,999	5	68	1260	1	30,1,1,100,1,32,1,1,20,1,16,4,1,12,1,43,4,1,35,1,32,1,1,40,2,117,5,1,15,2,38,4,1,7,2,4,4,1,30,2,16,4,1,25,2,43,4,1,35,2	12-07.tmx	10117	115	16	11117	115	16	12117	115	16	1102	15	2102	15	3102	15	20	0	0.3	5	3082	89,1,1,40,91,1,1,40,110,1,1,40,42,4,6,50,50,4,10,50	
118	제8관	0	99	12,7	1,999	5	68	1270	1	31,1,1,100,1,33,1,1,20,1,19,4,1,12,1,43,4,1,35,1,33,1,1,40,2,117,5,1,15,2,38,4,1,7,2,4,4,1,30,2,19,4,1,25,2,43,4,1,35,2	12-08.tmx	10118	110	16	11118	110	16	12118	110	16	1102	15	2102	15	3102	15	20	0	0.3	5	3095	89,1,1,40,91,1,1,40,110,1,1,40,42,4,6,50,49,4,10,50	
119	제9관	0	99	12,8	1,999	5	68	1280	1	22,1,1,100,1,34,1,1,20,1,25,4,1,12,1,43,4,1,35,1,34,1,1,40,2,117,5,1,15,2,38,4,1,7,2,4,4,1,30,2,25,4,1,25,2,43,4,1,35,2	12-09.tmx	10119	113	16	11119	113	16	12119	113	16	1102	15	2102	15	3102	15	20	0	0.3	5	3107	89,1,1,40,91,1,1,40,110,1,1,40,42,4,6,50,49,4,10,50	
120	제10관	100,101	99	12,9	1,999	5	68	1290	1	23,1,1,100,1,35,1,1,20,1,16,4,1,12,1,43,4,1,35,1,35,1,1,40,2,117,5,1,15,2,38,4,1,7,2,4,4,1,30,2,16,4,1,25,2,43,4,1,35,2	12-10.tmx	10120	94	17	11120	94	17	12120	94	17	1102	16	2102	16	3102	16	20	0	0.3	5	3120	89,1,1,40,91,1,1,40,110,1,1,40,42,4,6,50,38,4,11,80	
121	제1관	102	99	12,10	1,999	5	79	1300	1	24,1,1,100,1,36,1,1,25,1,19,4,1,12,1,43,4,1,35,1,36,1,1,50,2,118,5,1,15,2,38,4,1,7,2,4,4,1,30,2,19,4,1,25,2,43,4,1,35,2	13-01.tmx	10121	82	17	11121	82	17	12121	82	17	1102	16	2102	16	3102	16	20	0	0.3	5	3132	77,1,1,40,82,1,1,40,90,1,1,40,42,4,7,50,47,4,16,80	
122	제2관	0	99	13,1	1,999	5	79	1310	1	25,1,1,100,1,37,1,1,25,1,25,4,1,12,1,43,4,1,35,1,37,1,1,50,2,118,5,1,15,2,38,4,1,7,2,4,4,1,30,2,25,4,1,25,2,43,4,1,35,2	13-02.tmx	10122	79	17	11122	79	17	12122	79	17	1102	16	2102	16	3102	16	20	0	0.3	5	3145	77,1,1,40,82,1,1,40,90,1,1,40,42,4,7,50,47,4,16,80	
123	제3관	103	99	13,2	1,999	5	79	1320	1	26,1,1,100,1,38,1,1,25,1,16,4,1,12,1,43,4,1,35,1,38,1,1,50,2,118,5,1,15,2,38,4,1,7,2,4,4,1,30,2,16,4,1,25,2,43,4,1,35,2	13-03.tmx	10123	77	17	11123	77	17	12123	77	17	1102	17	2102	17	3102	17	20	0	0.3	5	3157	77,1,1,40,82,1,1,40,90,1,1,40,42,4,7,50,48,4,16,50	
124	제4관	0	99	13,3	1,999	5	79	1330	1	27,1,1,100,1,39,1,1,25,1,19,4,1,12,1,43,4,1,35,1,39,1,1,50,2,118,5,1,15,2,38,4,1,7,2,4,4,1,30,2,19,4,1,25,2,43,4,1,35,2	13-04.tmx	10124	75	18	11124	75	18	12124	75	18	1102	17	2102	17	3102	17	20	0	0.3	5	3170	77,1,1,40,82,1,1,40,90,1,1,40,42,4,7,50,48,4,16,50	
125	제5관	104,105	99	13,4	1,999	5	79	1340	1	28,1,1,100,1,32,1,1,25,1,25,4,1,12,1,43,4,1,35,1,47,4,1,60,2,118,5,1,15,2,38,4,1,7,2,4,4,1,30,2,25,4,1,25,2,43,4,1,35,2	13-05.tmx	10125	81	18	11125	81	18	12125	81	18	1102	17	2102	17	3102	17	20	0	0.3	5	3182	77,1,1,40,82,1,1,40,90,1,1,40,42,4,7,50,38,4,12,80	
126	제6관	106	99	13,5	1,999	5	79	1350	1	29,1,1,100,1,33,1,1,25,1,16,4,1,12,1,43,4,1,35,1,33,1,1,50,2,118,5,1,15,2,38,4,1,7,2,4,4,1,30,2,16,4,1,25,2,43,4,1,35,2	13-06.tmx	10126	89	18	11126	89	18	12126	89	18	1102	18	2102	18	3102	18	20	0	0.3	5	3195	77,1,1,40,82,1,1,40,90,1,1,40,42,4,7,50,50,4,11,50	
127	제7관	0	99	13,6	1,999	5	79	1360	1	30,1,1,100,1,34,1,1,25,1,19,4,1,12,1,43,4,1,35,1,34,1,1,50,2,118,5,1,15,2,38,4,1,7,2,4,4,1,30,2,19,4,1,25,2,43,4,1,35,2	13-07.tmx	10127	94	18	11127	94	18	12127	94	18	1102	18	2102	18	3102	18	20	0	0.3	5	3207	77,1,1,40,82,1,1,40,90,1,1,40,42,4,7,50,50,4,11,50	
128	제8관	0	99	13,7	1,999	5	79	1370	1	31,1,1,100,1,35,1,1,25,1,25,4,1,12,1,43,4,1,35,1,35,1,1,50,2,118,5,1,15,2,38,4,1,7,2,4,4,1,30,2,25,4,1,25,2,43,4,1,35,2	13-08.tmx	10128	93	19	11128	93	19	12128	93	19	1102	18	2102	18	3102	18	20	0	0.3	5	3220	77,1,1,40,82,1,1,40,90,1,1,40,42,4,7,50,49,4,11,50	
129	제9관	0	99	13,8	1,999	5	79	1380	1	14,1,1,100,1,36,1,1,25,1,16,4,1,12,1,43,4,1,35,1,36,1,1,50,2,118,5,1,15,2,38,4,1,7,2,4,4,1,30,2,16,4,1,25,2,43,4,1,35,2	13-09.tmx	10129	104	19	11129	104	19	12129	104	19	1102	18	2102	18	3102	18	20	0	0.3	5	3232	77,1,1,40,82,1,1,40,90,1,1,40,42,4,7,50,49,4,11,50	
130	제10관	107,108	99	13,9	1,999	5	79	1390	1	15,1,1,100,1,37,1,1,25,1,19,4,1,12,1,43,4,1,35,1,48,4,1,60,2,118,5,1,15,2,38,4,1,7,2,4,4,1,30,2,19,4,1,25,2,43,4,1,35,2	13-10.tmx	10130	103	19	11130	103	19	12130	103	19	1102	19	2102	19	3102	19	20	0	0.3	5	3245	77,1,1,40,82,1,1,40,90,1,1,40,42,4,7,50,38,4,13,80	
131	제1관	109	99	13,10	1,999	5	91	1400	1	16,1,1,100,1,38,1,1,30,1,25,4,1,12,1,43,4,1,35,1,36,1,1,60,2,126,5,1,15,2,38,4,1,7,2,4,4,1,30,2,25,4,1,25,2,43,4,1,35,2	14-01.tmx	10131	94	19	11131	94	19	12131	94	19	1102	19	2102	19	3102	19	20	0	0.3	5	3255	87,1,1,40,83,1,1,40,92,1,1,40,42,4,8,50,47,4,17,80	
132	제2관	0	99	14,1	1,999	5	91	1410	1	17,1,1,100,1,39,1,1,30,1,16,4,1,12,1,43,4,1,35,1,37,1,1,60,2,126,5,1,15,2,38,4,1,7,2,4,4,1,30,2,16,4,1,25,2,43,4,1,35,2	14-02.tmx	10132	98	20	11132	98	20	12132	98	20	1102	19	2102	19	3102	19	20	0	0.3	5	3265	87,1,1,40,83,1,1,40,92,1,1,40,42,4,8,50,47,4,17,80	
133	제3관	110	99	14,2	1,999	5	91	1420	1	18,1,1,100,1,32,1,1,30,1,19,4,1,12,1,43,4,1,35,1,38,1,1,60,2,126,5,1,15,2,38,4,1,7,2,4,4,1,30,2,19,4,1,25,2,43,4,1,35,2	14-03.tmx	10133	96	20	11133	96	20	12133	96	20	1102	19	2102	19	3102	19	20	0	0.3	5	3275	87,1,1,40,83,1,1,40,92,1,1,40,42,4,8,50,48,4,17,50	
134	제4관	0	99	14,3	1,999	5	91	1430	1	19,1,1,100,1,33,1,1,30,1,25,4,1,12,1,43,4,1,35,1,39,1,1,60,2,126,5,1,15,2,38,4,1,7,2,4,4,1,30,2,25,4,1,25,2,43,4,1,35,2	14-04.tmx	10134	105	20	11134	105	20	12134	105	20	1102	19	2102	19	3102	19	20	0	0.3	5	3285	87,1,1,40,83,1,1,40,92,1,1,40,42,4,8,50,48,4,17,50	
135	제5관	111,112	99	14,4	1,999	5	91	1440	1	20,1,1,100,1,34,1,1,30,1,16,4,1,12,1,43,4,1,35,1,47,4,1,60,2,126,5,1,15,2,38,4,1,7,2,4,4,1,30,2,16,4,1,25,2,43,4,1,35,2	14-05.tmx	10135	99	20	11135	99	20	12135	99	20	1102	19	2102	19	3102	19	20	0	0.3	5	3295	87,1,1,40,83,1,1,40,92,1,1,40,42,4,8,50,38,4,14,80	
136	제6관	113	99	14,5	1,999	5	91	1450	1	21,1,1,100,1,35,1,1,30,1,19,4,1,12,1,43,4,1,35,1,33,1,1,60,2,126,5,1,15,2,38,4,1,7,2,4,4,1,30,2,19,4,1,25,2,43,4,1,35,2	14-06.tmx	10136	94	20	11136	94	20	12136	94	20	1102	19	2102	19	3102	19	20	0	0.3	5	3305	87,1,1,40,83,1,1,40,92,1,1,40,42,4,8,50,50,4,12,50	
137	제7관	0	99	14,6	1,999	5	91	1460	1	22,1,1,100,1,36,1,1,30,1,25,4,1,12,1,43,4,1,35,1,34,1,1,60,2,126,5,1,15,2,38,4,1,7,2,4,4,1,30,2,25,4,1,25,2,43,4,1,35,2	14-07.tmx	10137	96	21	11137	96	21	12137	96	21	1102	19	2102	19	3102	19	20	0	0.3	5	3315	87,1,1,40,83,1,1,40,92,1,1,40,42,4,8,50,50,4,12,50	
138	제8관	0	99	14,7	1,999	5	91	1470	1	23,1,1,100,1,37,1,1,30,1,16,4,1,12,1,43,4,1,35,1,35,1,1,60,2,126,5,1,15,2,38,4,1,7,2,4,4,1,30,2,16,4,1,25,2,43,4,1,35,2	14-08.tmx	10138	100	21	11138	100	21	12138	100	21	1102	19	2102	19	3102	19	20	0	0.3	5	3325	87,1,1,40,83,1,1,40,92,1,1,40,42,4,8,50,49,4,12,50	
139	제9관	114	99	14,8	1,999	5	91	1480	1	24,1,1,100,1,38,1,1,30,1,19,4,1,12,1,43,4,1,35,1,36,1,1,60,2,126,5,1,15,2,38,4,1,7,2,4,4,1,30,2,19,4,1,25,2,43,4,1,35,2	14-09.tmx	10139	100	21	11139	100	21	12139	100	21	1102	19	2102	19	3102	19	20	0	0.3	5	3335	87,1,1,40,83,1,1,40,92,1,1,40,42,4,8,50,49,4,12,50	
140	제10관	115,116	99	14,9	1,999	5	91	1490	1	25,1,1,100,1,39,1,1,30,1,25,4,1,12,1,43,4,1,35,1,48,4,1,60,2,126,5,1,15,2,38,4,1,7,2,4,4,1,30,2,25,4,1,25,2,43,4,1,35,2	14-10.tmx	10140	103	21	11140	103	21	12140	103	21	1102	20	2102	20	3102	20	20	0	0.3	5	3345	87,1,1,40,83,1,1,40,92,1,1,40,42,4,8,50,38,4,15,80	
141	제1관	117	99	14,10	1,999	5	109	1500	1	26,1,1,100,1,32,1,1,35,1,16,4,1,12,1,43,4,1,35,1,36,1,1,70,2,124,5,1,15,2,38,4,1,7,2,4,4,1,30,2,16,4,1,25,2,43,4,1,35,2	15-01.tmx	10141	109	21	11141	109	21	12141	109	21	1102	20	2102	20	3102	20	20	0	0.3	5	3355	97,1,1,40,103,1,1,40,106,1,1,40,42,4,9,50,47,4,18,80	
142	제2관	118	99	15,1	1,999	5	109	1510	1	27,1,1,100,1,33,1,1,35,1,19,4,1,12,1,43,4,1,35,1,37,1,1,70,2,124,5,1,15,2,38,4,1,7,2,4,4,1,30,2,19,4,1,25,2,43,4,1,35,2	15-02.tmx	10142	98	21	11142	98	21	12142	98	21	1102	20	2102	20	3102	20	20	0	0.3	5	3365	97,1,1,40,103,1,1,40,106,1,1,40,42,4,9,50,47,4,18,80	
143	제3관	0	99	15,2	1,999	5	109	1520	1	28,1,1,100,1,34,1,1,35,1,25,4,1,12,1,43,4,1,35,1,38,1,1,70,2,124,5,1,15,2,38,4,1,7,2,4,4,1,30,2,25,4,1,25,2,43,4,1,35,2	15-03.tmx	10143	99	22	11143	99	22	12143	99	22	1102	20	2102	20	3102	20	20	0	0.3	5	3375	97,1,1,40,103,1,1,40,106,1,1,40,42,4,9,50,48,4,18,50	
144	제4관	0	99	15,3	1,999	5	109	1530	1	29,1,1,100,1,35,1,1,35,1,16,4,1,12,1,43,4,1,35,1,39,1,1,70,2,124,5,1,15,2,38,4,1,7,2,4,4,1,30,2,16,4,1,25,2,43,4,1,35,2	15-04.tmx	10144	108	22	11144	108	22	12144	108	22	1102	20	2102	20	3102	20	20	0	0.3	5	3385	97,1,1,40,103,1,1,40,106,1,1,40,42,4,9,50,48,4,18,50	
145	제5관	119,120	99	15,4	1,999	5	109	1540	1	30,1,1,100,1,36,1,1,35,1,19,4,1,12,1,43,4,1,35,1,48,4,1,60,2,124,5,1,15,2,38,4,1,7,2,4,4,1,30,2,19,4,1,25,2,43,4,1,35,2	15-05.tmx	10145	109	22	11145	109	22	12145	109	22	1102	20	2102	20	3102	20	20	0	0.3	5	3395	97,1,1,40,103,1,1,40,106,1,1,40,42,4,9,50,38,4,16,80	
146	제6관	0	99	15,5	1,999	5	109	1550	1	31,1,1,100,1,37,1,1,35,1,25,4,1,12,1,43,4,1,35,1,33,1,1,70,2,124,5,1,15,2,38,4,1,7,2,4,4,1,30,2,25,4,1,25,2,43,4,1,35,2	15-06.tmx	10146	112	22	11146	112	22	12146	112	22	1102	20	2102	20	3102	20	20	0	0.3	5	3405	97,1,1,40,103,1,1,40,106,1,1,40,42,4,9,50,50,4,13,50	
147	제7관	121,122	99	15,6	1,999	5	109	1560	1	14,1,1,100,1,38,1,1,35,1,16,4,1,12,1,43,4,1,35,1,34,1,1,70,2,124,5,1,15,2,38,4,1,7,2,4,4,1,30,2,16,4,1,25,2,43,4,1,35,2	15-07.tmx	10147	112	22	11147	112	22	12147	112	22	1102	20	2102	20	3102	20	20	0	0.3	5	3415	97,1,1,40,103,1,1,40,106,1,1,40,42,4,9,50,50,4,13,50	
148	제8관	123	99	15,7	1,999	5	109	1570	1	15,1,1,100,1,39,1,1,35,1,19,4,1,12,1,43,4,1,35,1,35,1,1,70,2,124,5,1,15,2,38,4,1,7,2,4,4,1,30,2,19,4,1,25,2,43,4,1,35,2	15-08.tmx	10148	121	23	11148	121	23	12148	121	23	1102	20	2102	20	3102	20	20	0	0.3	5	3425	97,1,1,40,103,1,1,40,106,1,1,40,42,4,9,50,49,4,13,50	
149	제9관	0	99	15,8	1,999	5	109	1580	1	16,1,1,100,1,32,1,1,35,1,25,4,1,12,1,43,4,1,35,1,36,1,1,70,2,124,5,1,15,2,38,4,1,7,2,4,4,1,30,2,25,4,1,25,2,43,4,1,35,2	15-09.tmx	10149	112	23	11149	112	23	12149	112	23	1102	20	2102	20	3102	20	20	0	0.3	5	3435	97,1,1,40,103,1,1,40,106,1,1,40,42,4,9,50,49,4,13,50	
150	제10관	124,125	99	15,9	1,999	5	109	1590	1	17,1,1,100,1,33,1,1,35,1,16,4,1,12,1,43,4,1,35,1,49,4,1,60,2,124,5,1,15,2,38,4,1,7,2,4,4,1,30,2,16,4,1,25,2,43,4,1,35,2	15-10.tmx	10150	111	23	11150	111	23	12150	111	23	1103	1	2103	1	3103	1	20	0	0.3	5	3445	97,1,1,40,103,1,1,40,106,1,1,40,42,4,9,50,38,4,17,80	
151	제1관	126,127	99	15,10	1,999	5	125	1600	1	18,1,1,100,1,34,1,1,40,1,19,4,1,12,1,43,4,1,35,1,34,1,1,80,2,123,5,1,15,2,38,4,1,7,2,4,4,1,30,2,19,4,1,25,2,43,4,1,35,2	16-01.tmx	10151	109	23	11151	109	23	12151	109	23	1103	1	2103	1	3103	1	20	0	0.3	5	3455	108,1,1,40,79,1,1,40,81,1,1,40,42,4,10,50,47,4,19,80	
152	제2관	128	99	16,1	1,999	5	125	1610	1	19,1,1,100,1,35,1,1,40,1,25,4,1,12,1,43,4,1,35,1,35,1,1,80,2,123,5,1,15,2,38,4,1,7,2,4,4,1,30,2,25,4,1,25,2,43,4,1,35,2	16-02.tmx	10152	99	24	11152	99	24	12152	99	24	1103	2	2103	2	3103	2	20	0	0.3	5	3465	108,1,1,40,79,1,1,40,81,1,1,40,42,4,10,50,47,4,19,80	
153	제3관	129	99	16,2	1,999	5	125	1620	1	20,1,1,100,1,36,1,1,40,1,16,4,1,12,1,43,4,1,35,1,36,1,1,80,2,123,5,1,15,2,38,4,1,7,2,4,4,1,30,2,16,4,1,25,2,43,4,1,35,2	16-03.tmx	10153	106	24	11153	106	24	12153	106	24	1103	2	2103	2	3103	2	20	0	0.3	5	3475	108,1,1,40,79,1,1,40,81,1,1,40,42,4,10,50,48,4,19,50	
154	제4관	0	99	16,3	1,999	5	125	1630	1	21,1,1,100,1,37,1,1,40,1,19,4,1,12,1,43,4,1,35,1,37,1,1,80,2,123,5,1,15,2,38,4,1,7,2,4,4,1,30,2,19,4,1,25,2,43,4,1,35,2	16-04.tmx	10154	107	24	11154	107	24	12154	107	24	1103	3	2103	3	3103	3	20	0	0.3	5	3485	108,1,1,40,79,1,1,40,81,1,1,40,42,4,10,50,48,4,19,50	
155	제5관	130,131	99	16,4	1,999	5	125	1640	1	22,1,1,100,1,38,1,1,40,1,25,4,1,12,1,43,4,1,35,1,48,4,1,60,2,123,5,1,15,2,38,4,1,7,2,4,4,1,30,2,25,4,1,25,2,43,4,1,35,2	16-05.tmx	10155	114	24	11155	114	24	12155	114	24	1103	3	2103	3	3103	3	20	0	0.3	5	3495	108,1,1,40,79,1,1,40,81,1,1,40,42,4,10,50,38,4,18,80	
156	제6관	132	99	16,5	1,999	5	125	1650	1	23,1,1,100,1,39,1,1,40,1,16,4,1,12,1,43,4,1,35,1,39,1,1,80,2,123,5,1,15,2,38,4,1,7,2,4,4,1,30,2,16,4,1,25,2,43,4,1,35,2	16-06.tmx	10156	110	24	11156	110	24	12156	110	24	1103	4	2103	4	3103	4	20	0	0.3	5	3505	108,1,1,40,79,1,1,40,81,1,1,40,42,4,10,50,50,4,14,50	
157	제7관	0	99	16,6	1,999	5	125	1660	1	24,1,1,100,1,32,1,1,40,1,19,4,1,12,1,43,4,1,35,1,32,1,1,80,2,123,5,1,15,2,38,4,1,7,2,4,4,1,30,2,19,4,1,25,2,43,4,1,35,2	16-07.tmx	10157	117	24	11157	117	24	12157	117	24	1103	4	2103	4	3103	4	20	0	0.3	5	3515	108,1,1,40,79,1,1,40,81,1,1,40,42,4,10,50,50,4,14,50	
158	제8관	133	99	16,7	1,999	5	125	1670	1	25,1,1,100,1,33,1,1,40,1,25,4,1,12,1,43,4,1,35,1,33,1,1,80,2,123,5,1,15,2,38,4,1,7,2,4,4,1,30,2,25,4,1,25,2,43,4,1,35,2	16-08.tmx	10158	111	25	11158	111	25	12158	111	25	1103	5	2103	5	3103	5	20	0	0.3	5	3525	108,1,1,40,79,1,1,40,81,1,1,40,42,4,10,50,49,4,14,50	
159	제9관	134	99	16,8	1,999	5	125	1680	1	26,1,1,100,1,34,1,1,40,1,16,4,1,12,1,43,4,1,35,1,34,1,1,80,2,123,5,1,15,2,38,4,1,7,2,4,4,1,30,2,16,4,1,25,2,43,4,1,35,2	16-09.tmx	10159	118	25	11159	118	25	12159	118	25	1103	5	2103	5	3103	5	20	0	0.3	5	3535	108,1,1,40,79,1,1,40,81,1,1,40,42,4,10,50,49,4,14,50	
160	제10관	135,136	99	16,9	1,999	5	125	1690	1	27,1,1,100,1,35,1,1,40,1,19,4,1,12,1,43,4,1,35,1,49,4,1,60,2,123,5,1,15,2,38,4,1,7,2,4,4,1,30,2,19,4,1,25,2,43,4,1,35,2	16-10.tmx	10160	111	25	11160	111	25	12160	111	25	1103	6	2103	6	3103	6	20	0	0.3	5	3545	108,1,1,40,79,1,1,40,81,1,1,40,42,4,10,50,38,4,19,80	
161	제1관	137	99	16,10	1,999	5	135	1700	1	28,1,1,100,1,36,1,1,45,1,25,4,1,12,1,43,4,1,35,1,36,1,1,90,2,131,5,1,15,2,38,4,1,7,2,4,4,1,30,2,25,4,1,25,2,43,4,1,35,2	17-01.tmx	10161	121	25	11161	121	25	12161	121	25	1103	6	2103	6	3103	6	20	0	0.3	5	3570	81,1,1,40,75,1,1,40,78,1,1,40,42,4,11,50,47,4,20,80	
162	제2관	0	99	17,1	1,999	5	135	1710	1	29,1,1,100,1,37,1,1,45,1,16,4,1,12,1,43,4,1,35,1,37,1,1,90,2,131,5,1,15,2,38,4,1,7,2,4,4,1,30,2,16,4,1,25,2,43,4,1,35,2	17-02.tmx	10162	125	25	11162	125	25	12162	125	25	1103	6	2103	6	3103	6	20	0	0.3	5	3595	81,1,1,40,75,1,1,40,78,1,1,40,42,4,11,50,47,4,20,80	
163	제3관	138	99	17,2	1,999	5	135	1720	1	30,1,1,100,1,38,1,1,45,1,19,4,1,12,1,43,4,1,35,1,38,1,1,90,2,131,5,1,15,2,38,4,1,7,2,4,4,1,30,2,19,4,1,25,2,43,4,1,35,2	17-03.tmx	10163	134	25	11163	134	25	12163	134	25	1103	7	2103	7	3103	7	20	0	0.3	5	3620	81,1,1,40,75,1,1,40,78,1,1,40,42,4,11,50,48,4,20,50	
164	제4관	139	99	17,3	1,999	5	135	1730	1	31,1,1,100,1,39,1,1,45,1,25,4,1,12,1,43,4,1,35,1,39,1,1,90,2,131,5,1,15,2,38,4,1,7,2,4,4,1,30,2,25,4,1,25,2,43,4,1,35,2	17-04.tmx	10164	147	25	11164	147	25	12164	147	25	1103	7	2103	7	3103	7	20	0	0.3	5	3645	81,1,1,40,75,1,1,40,78,1,1,40,42,4,11,50,48,4,20,50	
165	제5관	0	99	17,4	1,999	5	135	1740	1	14,1,1,100,1,32,1,1,45,1,16,4,1,12,1,43,4,1,35,1,48,4,1,60,2,131,5,1,15,2,38,4,1,7,2,4,4,1,30,2,16,4,1,25,2,43,4,1,35,2	17-05.tmx	10165	146	25	11165	146	25	12165	146	25	1103	8	2103	8	3103	8	20	0	0.3	5	3670	81,1,1,40,75,1,1,40,78,1,1,40,42,4,11,50,38,4,20,80	
166	제6관	0	99	17,5	1,999	5	135	1750	1	15,1,1,100,1,33,1,1,45,1,19,4,1,12,1,43,4,1,35,1,33,1,1,90,2,131,5,1,15,2,38,4,1,7,2,4,4,1,30,2,19,4,1,25,2,43,4,1,35,2	17-06.tmx	10166	154	25	11166	154	25	12166	154	25	1103	9	2103	9	3103	9	20	0	0.3	5	3695	81,1,1,40,75,1,1,40,78,1,1,40,42,4,11,50,50,4,15,50	
167	제7관	140	99	17,6	1,999	5	135	1760	1	16,1,1,100,1,34,1,1,45,1,25,4,1,12,1,43,4,1,35,1,34,1,1,90,2,131,5,1,15,2,38,4,1,7,2,4,4,1,30,2,25,4,1,25,2,43,4,1,35,2	17-07.tmx	10167	169	25	11167	169	25	12167	169	25	1103	9	2103	9	3103	9	20	0	0.3	5	3720	81,1,1,40,75,1,1,40,78,1,1,40,42,4,11,50,50,4,15,50	
168	제8관	0	99	17,7	1,999	5	135	1770	1	17,1,1,100,1,35,1,1,45,1,16,4,1,12,1,43,4,1,35,1,35,1,1,90,2,131,5,1,15,2,38,4,1,7,2,4,4,1,30,2,16,4,1,25,2,43,4,1,35,2	17-08.tmx	10168	176	25	11168	176	25	12168	176	25	1103	10	2103	10	3103	10	20	0	0.3	5	3745	81,1,1,40,75,1,1,40,78,1,1,40,42,4,11,50,49,4,15,50	
169	제9관	142	99	17,8	1,999	5	135	1780	1	18,1,1,100,1,36,1,1,45,1,19,4,1,12,1,43,4,1,35,1,36,1,1,90,2,131,5,1,15,2,38,4,1,7,2,4,4,1,30,2,19,4,1,25,2,43,4,1,35,2	17-09.tmx	10169	187	25	11169	187	25	12169	187	25	1103	10	2103	10	3103	10	20	0	0.3	5	3770	81,1,1,40,75,1,1,40,78,1,1,40,42,4,11,50,49,4,15,50	
170	제10관	143,144	99	17,9	1,999	5	144	1790	1	19,1,1,100,1,37,1,1,45,1,25,4,1,12,1,43,4,1,35,1,49,4,1,60,2,131,5,1,15,2,38,4,1,7,2,4,4,1,30,2,25,4,1,25,2,43,4,1,35,2	17-10.tmx	10170	189	26	11170	189	26	12170	189	26	1103	11	2103	11	3103	11	20	0	0.3	5	3795	81,1,1,40,75,1,1,40,78,1,1,40,42,4,11,50,38,4,21,80	
171	제1관	145	99	17,10	1,999	5	144	1800	1	20,1,1,100,1,38,1,1,45,1,16,4,1,12,1,43,4,1,35,1,38,1,1,90,2,115,5,1,15,2,38,4,1,7,2,4,4,1,30,2,16,4,1,25,2,43,4,1,35,2	18-01.tmx	10171	213	26	11171	213	26	12171	213	26	1103	11	2103	11	3103	11	20	0	0.3	5	3820	78,1,1,40,84,1,1,40,85,1,1,40,42,4,12,50,47,4,21,80	
172	제2관	0	99	18,1	1,999	5	144	1810	1	21,1,1,100,1,39,1,1,45,1,19,4,1,12,1,43,4,1,35,1,39,1,1,90,2,115,5,1,15,2,38,4,1,7,2,4,4,1,30,2,19,4,1,25,2,43,4,1,35,2	18-02.tmx	10172	200	26	11172	200	26	12172	200	26	1103	11	2103	11	3103	11	20	0	0.3	5	3845	78,1,1,40,84,1,1,40,85,1,1,40,42,4,12,50,47,4,21,80	
173	제3관	146	99	18,2	1,999	5	144	1820	1	22,1,1,100,1,32,1,1,45,1,25,4,1,12,1,43,4,1,35,1,32,1,1,90,2,115,5,1,15,2,38,4,1,7,2,4,4,1,30,2,25,4,1,25,2,43,4,1,35,2	18-03.tmx	10173	222	26	11173	222	26	12173	222	26	1103	11	2103	11	3103	11	20	0	0.3	5	3870	78,1,1,40,84,1,1,40,85,1,1,40,42,4,12,50,48,4,21,50	
174	제4관	147	99	18,3	1,999	5	144	1830	1	23,1,1,100,1,33,1,1,45,1,16,4,1,12,1,43,4,1,35,1,33,1,1,90,2,115,5,1,15,2,38,4,1,7,2,4,4,1,30,2,16,4,1,25,2,43,4,1,35,2	18-04.tmx	10174	218	26	11174	218	26	12174	218	26	1103	11	2103	11	3103	11	20	0	0.3	5	3895	78,1,1,40,84,1,1,40,85,1,1,40,42,4,12,50,48,4,21,50	
175	제5관	148	99	18,4	1,999	5	144	1840	1	24,1,1,100,1,34,1,1,45,1,19,4,1,12,1,43,4,1,35,1,48,4,1,60,2,115,5,1,15,2,38,4,1,7,2,4,4,1,30,2,19,4,1,25,2,43,4,1,35,2	18-05.tmx	10175	216	27	11175	216	27	12175	216	27	1103	11	2103	11	3103	11	20	0	0.3	5	3920	78,1,1,40,84,1,1,40,85,1,1,40,42,4,12,50,38,4,22,80	
176	제6관	149	99	18,5	1,999	5	144	1850	1	25,1,1,100,1,35,1,1,45,1,25,4,1,12,1,43,4,1,35,1,35,1,1,90,2,115,5,1,15,2,38,4,1,7,2,4,4,1,30,2,25,4,1,25,2,43,4,1,35,2	18-06.tmx	10176	227	27	11176	227	27	12176	227	27	1103	12	2103	12	3103	12	20	0	0.3	5	3945	78,1,1,40,84,1,1,40,85,1,1,40,42,4,12,50,50,4,16,50	
177	제7관	0	99	18,6	1,999	5	144	1860	1	26,1,1,100,1,36,1,1,45,1,16,4,1,12,1,43,4,1,35,1,36,1,1,90,2,115,5,1,15,2,38,4,1,7,2,4,4,1,30,2,16,4,1,25,2,43,4,1,35,2	18-07.tmx	10177	237	27	11177	237	27	12177	237	27	1103	12	2103	12	3103	12	20	0	0.3	5	3970	78,1,1,40,84,1,1,40,85,1,1,40,42,4,12,50,50,4,16,50	
178	제8관	150	99	18,7	1,999	5	144	1870	1	27,1,1,100,1,37,1,1,45,1,19,4,1,12,1,43,4,1,35,1,37,1,1,90,2,115,5,1,15,2,38,4,1,7,2,4,4,1,30,2,19,4,1,25,2,43,4,1,35,2	18-08.tmx	10178	235	27	11178	235	27	12178	235	27	1103	12	2103	12	3103	12	20	0	0.3	5	3995	78,1,1,40,84,1,1,40,85,1,1,40,42,4,12,50,49,4,16,50	
179	제9관	151	99	18,8	1,999	5	144	1880	1	28,1,1,100,1,38,1,1,45,1,25,4,1,12,1,43,4,1,35,1,38,1,1,90,2,115,5,1,15,2,38,4,1,7,2,4,4,1,30,2,25,4,1,25,2,43,4,1,35,2	18-09.tmx	10179	237	27	11179	237	27	12179	237	27	1103	12	2103	12	3103	12	20	0	0.3	5	4020	78,1,1,40,84,1,1,40,85,1,1,40,42,4,12,50,49,4,16,50	
180	제10관	152	99	18,9	1,999	5	152	1890	1	29,1,1,100,1,39,1,1,45,1,16,4,1,12,1,43,4,1,35,1,49,4,1,60,2,115,5,1,15,2,38,4,1,7,2,4,4,1,30,2,16,4,1,25,2,43,4,1,35,2	18-10.tmx	10180	233	28	11180	233	28	12180	233	28	1103	13	2103	13	3103	13	20	0	0.3	5	4045	78,1,1,40,84,1,1,40,85,1,1,40,42,4,12,50,38,4,23,80	
181	제1관	154	99	18,10	1,999	5	152	1900	1	30,1,1,100,1,32,1,1,50,1,19,4,1,12,1,43,4,1,35,1,32,1,1,100,2,122,5,1,15,2,38,4,1,7,2,4,4,1,30,2,19,4,1,25,2,43,4,1,35,2	19-01.tmx	10181	245	28	11181	245	28	12181	245	28	1103	13	2103	13	3103	13	20	0	0.3	5	4070	85,1,1,40,86,1,1,40,89,1,1,40,42,4,13,50,47,4,22,80	
182	제2관	0	99	19,1	1,999	5	152	1910	1	31,1,1,100,1,33,1,1,50,1,25,4,1,12,1,43,4,1,35,1,33,1,1,100,2,122,5,1,15,2,38,4,1,7,2,4,4,1,30,2,25,4,1,25,2,43,4,1,35,2	19-02.tmx	10182	238	28	11182	238	28	12182	238	28	1103	13	2103	13	3103	13	20	0	0.3	5	4095	85,1,1,40,86,1,1,40,89,1,1,40,42,4,13,50,47,4,22,80	
183	제3관	155	99	19,2	1,999	5	152	1920	1	14,1,1,100,1,34,1,1,50,1,16,4,1,12,1,43,4,1,35,1,34,1,1,100,2,122,5,1,15,2,38,4,1,7,2,4,4,1,30,2,16,4,1,25,2,43,4,1,35,2	19-03.tmx	10183	267	28	11183	267	28	12183	267	28	1103	13	2103	13	3103	13	20	0	0.3	5	4120	85,1,1,40,86,1,1,40,89,1,1,40,42,4,13,50,48,4,22,50	
184	제4관	0	99	19,3	1,999	5	152	1930	1	15,1,1,100,1,35,1,1,50,1,19,4,1,12,1,43,4,1,35,1,35,1,1,100,2,122,5,1,15,2,38,4,1,7,2,4,4,1,30,2,19,4,1,25,2,43,4,1,35,2	19-04.tmx	10184	269	28	11184	269	28	12184	269	28	1103	13	2103	13	3103	13	20	0	0.3	5	4145	85,1,1,40,86,1,1,40,89,1,1,40,42,4,13,50,48,4,22,50	
185	제5관	156	99	19,4	1,999	5	152	1940	1	16,1,1,100,1,36,1,1,50,1,25,4,1,12,1,43,4,1,35,1,48,4,1,60,2,122,5,1,15,2,38,4,1,7,2,4,4,1,30,2,25,4,1,25,2,43,4,1,35,2	19-05.tmx	10185	269	29	11185	269	29	12185	269	29	1103	13	2103	13	3103	13	20	0	0.3	5	4170	85,1,1,40,86,1,1,40,89,1,1,40,42,4,13,50,38,4,24,80	
186	제6관	0	99	19,5	1,999	5	152	1950	1	17,1,1,100,1,37,1,1,50,1,16,4,1,12,1,43,4,1,35,1,37,1,1,100,2,122,5,1,15,2,38,4,1,7,2,4,4,1,30,2,16,4,1,25,2,43,4,1,35,2	19-06.tmx	10186	279	29	11186	279	29	12186	279	29	1103	14	2103	14	3103	14	20	0	0.3	5	4195	85,1,1,40,86,1,1,40,89,1,1,40,42,4,13,50,50,4,17,50	
187	제7관	0	99	19,6	1,999	5	152	1960	1	18,1,1,100,1,38,1,1,50,1,19,4,1,12,1,43,4,1,35,1,38,1,1,100,2,122,5,1,15,2,38,4,1,7,2,4,4,1,30,2,19,4,1,25,2,43,4,1,35,2	19-07.tmx	10187	286	29	11187	286	29	12187	286	29	1103	14	2103	14	3103	14	20	0	0.3	5	4220	85,1,1,40,86,1,1,40,89,1,1,40,42,4,13,50,50,4,17,50	
188	제8관	0	99	19,7	1,999	5	152	1970	1	19,1,1,100,1,39,1,1,50,1,25,4,1,12,1,43,4,1,35,1,39,1,1,100,2,122,5,1,15,2,38,4,1,7,2,4,4,1,30,2,25,4,1,25,2,43,4,1,35,2	19-08.tmx	10188	283	29	11188	283	29	12188	283	29	1103	14	2103	14	3103	14	20	0	0.3	5	4245	85,1,1,40,86,1,1,40,89,1,1,40,42,4,13,50,49,4,17,50	
189	제9관	0	99	19,8	1,999	5	152	1980	1	20,1,1,100,1,32,1,1,50,1,16,4,1,12,1,43,4,1,35,1,32,1,1,100,2,122,5,1,15,2,38,4,1,7,2,4,4,1,30,2,16,4,1,25,2,43,4,1,35,2	19-09.tmx	10189	296	29	11189	296	29	12189	296	29	1103	14	2103	14	3103	14	20	0	0.3	5	4270	85,1,1,40,86,1,1,40,89,1,1,40,42,4,13,50,49,4,17,50	
190	제10관	157,158	99	19,9	1,999	5	152	1990	1	21,1,1,100,1,33,1,1,50,1,19,4,1,12,1,43,4,1,35,1,49,4,1,60,2,122,5,1,15,2,38,4,1,7,2,4,4,1,30,2,19,4,1,25,2,43,4,1,35,2	19-10.tmx	10190	292	30	11190	292	30	12190	292	30	1103	15	2103	15	3103	15	20	0	0.3	5	4295	85,1,1,40,86,1,1,40,89,1,1,40,42,4,13,50,38,4,25,80	
191	제1관	159	99	19,10	1,999	5	162	2000	1	22,1,1,100,1,34,1,1,50,1,25,4,1,12,1,43,4,1,35,1,32,1,1,100,2,117,5,1,15,2,38,4,1,7,2,4,4,1,30,2,25,4,1,25,2,43,4,1,35,2	20-01.tmx	10191	300	30	11191	300	30	12191	300	30	1103	15	2103	15	3103	15	20	0	0.3	5	4320	86,1,1,40,89,1,1,40,114,1,1,40,42,4,14,50,47,4,23,80	
192	제2관	0	99	20,1	1,999	5	162	2010	1	23,1,1,100,1,35,1,1,50,1,16,4,1,12,1,43,4,1,35,1,33,1,1,100,2,117,5,1,15,2,38,4,1,7,2,4,4,1,30,2,16,4,1,25,2,43,4,1,35,2	20-02.tmx	10192	299	30	11192	299	30	12192	299	30	1103	15	2103	15	3103	15	20	0	0.3	5	4345	86,1,1,40,89,1,1,40,114,1,1,40,42,4,14,50,47,4,23,80	
193	제3관	0	99	20,2	1,999	5	162	2020	1	24,1,1,100,1,36,1,1,50,1,19,4,1,12,1,43,4,1,35,1,34,1,1,100,2,117,5,1,15,2,38,4,1,7,2,4,4,1,30,2,19,4,1,25,2,43,4,1,35,2	20-03.tmx	10193	296	30	11193	296	30	12193	296	30	1103	16	2103	16	3103	16	20	0	0.3	5	4370	86,1,1,40,89,1,1,40,114,1,1,40,42,4,14,50,48,4,23,50	
194	제4관	0	99	20,3	1,999	5	162	2030	1	25,1,1,100,1,37,1,1,50,1,25,4,1,12,1,43,4,1,35,1,35,1,1,100,2,117,5,1,15,2,38,4,1,7,2,4,4,1,30,2,25,4,1,25,2,43,4,1,35,2	20-04.tmx	10194	307	30	11194	307	30	12194	307	30	1103	16	2103	16	3103	16	20	0	0.3	5	4395	86,1,1,40,89,1,1,40,114,1,1,40,42,4,14,50,48,4,23,50	
195	제5관	160	99	20,4	1,999	5	162	2040	1	26,1,1,100,1,38,1,1,50,1,16,4,1,12,1,43,4,1,35,1,48,4,1,60,2,117,5,1,15,2,38,4,1,7,2,4,4,1,30,2,16,4,1,25,2,43,4,1,35,2	20-05.tmx	10195	296	31	11195	296	31	12195	296	31	1103	17	2103	17	3103	17	20	0	0.3	5	4420	86,1,1,40,89,1,1,40,114,1,1,40,42,4,14,50,38,4,26,80	
196	제6관	0	99	20,5	1,999	5	162	2050	1	27,1,1,100,1,39,1,1,50,1,19,4,1,12,1,43,4,1,35,1,37,1,1,100,2,117,5,1,15,2,38,4,1,7,2,4,4,1,30,2,19,4,1,25,2,43,4,1,35,2	20-06.tmx	10196	314	31	11196	314	31	12196	314	31	1103	17	2103	17	3103	17	20	0	0.3	5	4445	86,1,1,40,89,1,1,40,114,1,1,40,42,4,14,50,50,4,18,50	
197	제7관	0	99	20,6	1,999	5	162	2060	1	28,1,1,100,1,32,1,1,50,1,25,4,1,12,1,43,4,1,35,1,38,1,1,100,2,117,5,1,15,2,38,4,1,7,2,4,4,1,30,2,25,4,1,25,2,43,4,1,35,2	20-07.tmx	10197	325	31	11197	325	31	12197	325	31	1103	18	2103	18	3103	18	20	0	0.3	5	4470	86,1,1,40,89,1,1,40,114,1,1,40,42,4,14,50,50,4,18,50	
198	제8관	0	99	20,7	1,999	5	162	2070	1	29,1,1,100,1,33,1,1,50,1,16,4,1,12,1,43,4,1,35,1,39,1,1,100,2,117,5,1,15,2,38,4,1,7,2,4,4,1,30,2,16,4,1,25,2,43,4,1,35,2	20-08.tmx	10198	316	31	11198	316	31	12198	316	31	1103	18	2103	18	3103	18	20	0	0.3	5	4495	86,1,1,40,89,1,1,40,114,1,1,40,42,4,14,50,49,4,18,50	
199	제9관	0	99	20,8	1,999	5	162	2080	1	30,1,1,100,1,34,1,1,50,1,19,4,1,12,1,43,4,1,35,1,32,1,1,100,2,117,5,1,15,2,38,4,1,7,2,4,4,1,30,2,19,4,1,25,2,43,4,1,35,2	20-09.tmx	10199	316	31	11199	316	31	12199	316	31	1103	19	2103	19	3103	19	20	0	0.3	5	4520	86,1,1,40,89,1,1,40,114,1,1,40,42,4,14,50,49,4,18,50	
200	제10관	161,162	99	20,9	1,999	5	162	2090	1	31,1,1,100,1,35,1,1,50,1,25,4,1,12,1,43,4,1,35,1,49,4,1,60,2,117,5,1,15,2,38,4,1,7,2,4,4,1,30,2,25,4,1,25,2,43,4,1,35,2	20-10.tmx	10200	292	32	11200	292	32	12200	292	32	1103	19	2103	19	3103	19	20	0	0.3	5	4550	86,1,1,40,89,1,1,40,114,1,1,40,42,4,14,50,38,4,27,80	
201	제1관	163	99	20,10	1,999	5	174	2100	1	14,1,1,100,1,36,1,1,50,1,16,4,1,12,1,43,4,1,35,1,32,1,1,100,2,116,5,1,15,2,38,4,1,7,2,4,4,1,30,2,16,4,1,25,2,43,4,1,35,2	20-11.tmx	10201	318	32	11201	318	32	12201	318	32	1103	20	2103	20	3103	20	20	0	0.3	5	4550	89,1,1,40,114,1,1,40,117,1,1,40,42,4,15,50,47,4,24,80	
202	제2관		99	21,1	1,999	5	174	2110	1	15,1,1,100,1,37,1,1,50,1,19,4,1,12,1,43,4,1,35,1,33,1,1,100,2,116,5,1,15,2,38,4,1,7,2,4,4,1,30,2,19,4,1,25,2,43,4,1,35,2	20-12.tmx	10202	301	32	11202	301	32	12202	301	32	1103	20	2103	20	3103	20	20	0	0.3	5	4550	89,1,1,40,114,1,1,40,117,1,1,40,42,4,15,50,47,4,24,80	
203	제3관		99	21,2	1,999	5	174	2120	1	16,1,1,100,1,38,1,1,50,1,25,4,1,12,1,43,4,1,35,1,34,1,1,100,2,116,5,1,15,2,38,4,1,7,2,4,4,1,30,2,25,4,1,25,2,43,4,1,35,2	20-13.tmx	10203	326	32	11203	326	32	12203	326	32	1103	21	2103	21	3103	21	20	0	0.3	5	4550	89,1,1,40,114,1,1,40,117,1,1,40,42,4,15,50,48,4,24,50	
204	제4관		99	21,3	1,999	5	174	2130	1	17,1,1,100,1,39,1,1,50,1,16,4,1,12,1,43,4,1,35,1,35,1,1,100,2,116,5,1,15,2,38,4,1,7,2,4,4,1,30,2,16,4,1,25,2,43,4,1,35,2	20-14.tmx	10204	306	32	11204	306	32	12204	306	32	1103	21	2103	21	3103	21	20	0	0.3	5	4550	89,1,1,40,114,1,1,40,117,1,1,40,42,4,15,50,48,4,24,50	
205	제5관	164	99	21,4	1,999	5	174	2140	1	18,1,1,100,1,32,1,1,50,1,19,4,1,12,1,43,4,1,35,1,48,4,1,60,2,116,5,1,15,2,38,4,1,7,2,4,4,1,30,2,19,4,1,25,2,43,4,1,35,2	20-15.tmx	10205	313	32	11205	313	32	12205	313	32	1103	22	2103	22	3103	22	20	0	0.3	5	4550	89,1,1,40,114,1,1,40,117,1,1,40,42,4,15,50,38,4,28,80	
206	제6관		99	21,5	1,999	5	174	2150	1	19,1,1,100,1,33,1,1,50,1,25,4,1,12,1,43,4,1,35,1,37,1,1,100,2,116,5,1,15,2,38,4,1,7,2,4,4,1,30,2,25,4,1,25,2,43,4,1,35,2	20-16.tmx	10206	339	32	11206	339	32	12206	339	32	1103	22	2103	22	3103	22	20	0	0.3	5	4550	89,1,1,40,114,1,1,40,117,1,1,40,42,4,15,50,50,4,19,50	
207	제7관		99	21,6	1,999	5	174	2160	1	20,1,1,100,1,34,1,1,50,1,16,4,1,12,1,43,4,1,35,1,38,1,1,100,2,116,5,1,15,2,38,4,1,7,2,4,4,1,30,2,16,4,1,25,2,43,4,1,35,2	20-17.tmx	10207	317	32	11207	317	32	12207	317	32	1103	23	2103	23	3103	23	20	0	0.3	5	4550	89,1,1,40,114,1,1,40,117,1,1,40,42,4,15,50,50,4,19,50	
208	제8관		99	21,7	1,999	5	174	2170	1	21,1,1,100,1,35,1,1,50,1,19,4,1,12,1,43,4,1,35,1,39,1,1,100,2,116,5,1,15,2,38,4,1,7,2,4,4,1,30,2,19,4,1,25,2,43,4,1,35,2	20-18.tmx	10208	323	32	11208	323	32	12208	323	32	1103	23	2103	23	3103	23	20	0	0.3	5	4550	89,1,1,40,114,1,1,40,117,1,1,40,42,4,15,50,49,4,19,50	
209	제9관		99	21,8	1,999	5	174	2180	1	22,1,1,100,1,36,1,1,50,1,25,4,1,12,1,43,4,1,35,1,32,1,1,100,2,116,5,1,15,2,38,4,1,7,2,4,4,1,30,2,25,4,1,25,2,43,4,1,35,2	20-19.tmx	10209	319	32	11209	319	32	12209	319	32	1103	24	2103	24	3103	24	20	0	0.3	5	4550	89,1,1,40,114,1,1,40,117,1,1,40,42,4,15,50,49,4,19,50	
210	제10관	165,166	99	21,9	1,999	5	174	2190	1	23,1,1,100,1,37,1,1,50,1,16,4,1,12,1,43,4,1,35,1,49,4,1,60,2,116,5,1,15,2,38,4,1,7,2,4,4,1,30,2,16,4,1,25,2,43,4,1,35,2	20-20.tmx	10210	316	32	11210	316	32	12210	316	32	1103	24	2103	24	3103	24	20	0	0.3	5	4550	89,1,1,40,114,1,1,40,117,1,1,40,42,4,15,50,38,4,29,80	
211	제1관	167	99	21,10	1,999	5	188	2200	1	24,1,1,100,1,38,1,1,50,1,19,4,1,12,1,43,4,1,35,1,32,1,1,100,2,126,5,1,15,2,38,4,1,7,2,4,4,1,30,2,19,4,1,25,2,43,4,1,35,2	20-21.tmx	10211	327	32	11211	327	32	12211	327	32	1103	25	2103	25	3103	25	20	0	0.3	5	4550	114,1,1,40,117,1,1,40,118,1,1,40,42,4,16,50,47,4,25,80	
212	제2관		99	22,1	1,999	5	188	2210	1	25,1,1,100,1,39,1,1,50,1,25,4,1,12,1,43,4,1,35,1,33,1,1,100,2,126,5,1,15,2,38,4,1,7,2,4,4,1,30,2,25,4,1,25,2,43,4,1,35,2	20-22.tmx	10212	341	32	11212	341	32	12212	341	32	1103	25	2103	25	3103	25	20	0	0.3	5	4550	114,1,1,40,117,1,1,40,118,1,1,40,42,4,16,50,47,4,25,80	
213	제3관		99	22,2	1,999	5	188	2220	1	26,1,1,100,1,32,1,1,50,1,16,4,1,12,1,43,4,1,35,1,34,1,1,100,2,126,5,1,15,2,38,4,1,7,2,4,4,1,30,2,16,4,1,25,2,43,4,1,35,2	20-23.tmx	10213	332	32	11213	332	32	12213	332	32	1103	26	2103	26	3103	26	20	0	0.3	5	4550	114,1,1,40,117,1,1,40,118,1,1,40,42,4,16,50,48,4,25,50	
214	제4관		99	22,3	1,999	5	188	2230	1	27,1,1,100,1,33,1,1,50,1,19,4,1,12,1,43,4,1,35,1,35,1,1,100,2,126,5,1,15,2,38,4,1,7,2,4,4,1,30,2,19,4,1,25,2,43,4,1,35,2	20-24.tmx	10214	356	32	11214	356	32	12214	356	32	1103	26	2103	26	3103	26	20	0	0.3	5	4550	114,1,1,40,117,1,1,40,118,1,1,40,42,4,16,50,48,4,25,50	
215	제5관	168	99	22,4	1,999	5	188	2240	1	28,1,1,100,1,34,1,1,50,1,25,4,1,12,1,43,4,1,35,1,48,4,1,60,2,126,5,1,15,2,38,4,1,7,2,4,4,1,30,2,25,4,1,25,2,43,4,1,35,2	20-25.tmx	10215	352	32	11215	352	32	12215	352	32	1103	27	2103	27	3103	27	20	0	0.3	5	4550	114,1,1,40,117,1,1,40,118,1,1,40,42,4,16,50,38,4,30,80	
216	제6관		99	22,5	1,999	5	188	2250	1	29,1,1,100,1,35,1,1,50,1,16,4,1,12,1,43,4,1,35,1,37,1,1,100,2,126,5,1,15,2,38,4,1,7,2,4,4,1,30,2,16,4,1,25,2,43,4,1,35,2	20-26.tmx	10216	348	32	11216	348	32	12216	348	32	1103	27	2103	27	3103	27	20	0	0.3	5	4550	114,1,1,40,117,1,1,40,118,1,1,40,42,4,16,50,50,4,20,50	
217	제7관		99	22,6	1,999	5	188	2260	1	30,1,1,100,1,36,1,1,50,1,19,4,1,12,1,43,4,1,35,1,38,1,1,100,2,126,5,1,15,2,38,4,1,7,2,4,4,1,30,2,19,4,1,25,2,43,4,1,35,2	20-27.tmx	10217	337	32	11217	337	32	12217	337	32	1103	28	2103	28	3103	28	20	0	0.3	5	4550	114,1,1,40,117,1,1,40,118,1,1,40,42,4,16,50,50,4,20,50	
218	제8관		99	22,7	1,999	5	188	2270	1	31,1,1,100,1,37,1,1,50,1,25,4,1,12,1,43,4,1,35,1,39,1,1,100,2,126,5,1,15,2,38,4,1,7,2,4,4,1,30,2,25,4,1,25,2,43,4,1,35,2	20-28.tmx	10218	335	32	11218	335	32	12218	335	32	1103	28	2103	28	3103	28	20	0	0.3	5	4550	114,1,1,40,117,1,1,40,118,1,1,40,42,4,16,50,49,4,20,50	
219	제9관		99	22,8	1,999	5	188	2280	1	14,1,1,100,1,38,1,1,50,1,16,4,1,12,1,43,4,1,35,1,32,1,1,100,2,126,5,1,15,2,38,4,1,7,2,4,4,1,30,2,16,4,1,25,2,43,4,1,35,2	20-29.tmx	10219	358	32	11219	358	32	12219	358	32	1103	29	2103	29	3103	29	20	0	0.3	5	4550	114,1,1,40,117,1,1,40,118,1,1,40,42,4,16,50,49,4,20,50	
220	제10관	169,170	99	22,9	1,999	5	188	2290	1	15,1,1,100,1,39,1,1,50,1,19,4,1,12,1,43,4,1,35,1,49,4,1,60,2,126,5,1,15,2,38,4,1,7,2,4,4,1,30,2,19,4,1,25,2,43,4,1,35,2	20-30.tmx	10220	334	32	11220	334	32	12220	334	32	1103	29	2103	29	3103	29	20	0	0.3	5	4550	114,1,1,40,117,1,1,40,118,1,1,40,42,4,16,50,38,4,31,80	
221	제1관		99	22,10	1,999	5	204	2300	1	16,1,1,100,1,32,1,1,50,1,25,4,1,12,1,43,4,1,35,1,32,1,1,100,2,120,5,1,15,2,38,4,1,7,2,4,4,1,30,2,25,4,1,25,2,43,4,1,35,2	20-31.tmx	10221	349	32	11221	349	32	12221	349	32	1103	30	2103	30	3103	30	20	0	0.3	5	4550	114,1,1,40,117,1,1,40,118,1,1,40,42,4,17,50,47,4,23,80	
222	제2관		99	23,1	1,999	5	204	2310	1	17,1,1,100,1,33,1,1,50,1,16,4,1,12,1,43,4,1,35,1,33,1,1,100,2,120,5,1,15,2,38,4,1,7,2,4,4,1,30,2,16,4,1,25,2,43,4,1,35,2	20-32.tmx	10222	385	32	11222	385	32	12222	385	32	1103	30	2103	30	3103	30	20	0	0.3	5	4550	114,1,1,40,117,1,1,40,118,1,1,40,42,4,17,50,47,4,23,80	
223	제3관		99	23,2	1,999	5	204	2320	1	18,1,1,100,1,34,1,1,50,1,19,4,1,12,1,43,4,1,35,1,34,1,1,100,2,120,5,1,15,2,38,4,1,7,2,4,4,1,30,2,19,4,1,25,2,43,4,1,35,2	20-33.tmx	10223	356	32	11223	356	32	12223	356	32	1103	30	2103	30	3103	30	20	0	0.3	5	4550	114,1,1,40,117,1,1,40,118,1,1,40,42,4,17,50,48,4,23,50	
224	제4관		99	23,3	1,999	5	204	2330	1	19,1,1,100,1,35,1,1,50,1,25,4,1,12,1,43,4,1,35,1,35,1,1,100,2,120,5,1,15,2,38,4,1,7,2,4,4,1,30,2,25,4,1,25,2,43,4,1,35,2	20-34.tmx	10224	364	32	11224	364	32	12224	364	32	1103	30	2103	30	3103	30	20	0	0.3	5	4550	114,1,1,40,117,1,1,40,118,1,1,40,42,4,17,50,48,4,23,50	
225	제5관		99	23,4	1,999	5	204	2340	1	20,1,1,100,1,36,1,1,50,1,16,4,1,12,1,43,4,1,35,1,48,4,1,60,2,120,5,1,15,2,38,4,1,7,2,4,4,1,30,2,16,4,1,25,2,43,4,1,35,2	20-35.tmx	10225	373	32	11225	373	32	12225	373	32	1103	30	2103	30	3103	30	20	0	0.3	5	4550	114,1,1,40,117,1,1,40,118,1,1,40,42,4,17,50,38,4,26,80	
226	제6관		99	23,5	1,999	5	204	2350	1	21,1,1,100,1,37,1,1,50,1,19,4,1,12,1,43,4,1,35,1,37,1,1,100,2,120,5,1,15,2,38,4,1,7,2,4,4,1,30,2,19,4,1,25,2,43,4,1,35,2	20-36.tmx	10226	356	32	11226	356	32	12226	356	32	1103	30	2103	30	3103	30	20	0	0.3	5	4550	114,1,1,40,117,1,1,40,118,1,1,40,42,4,17,50,50,4,18,50	
227	제7관		99	23,6	1,999	5	204	2360	1	22,1,1,100,1,38,1,1,50,1,25,4,1,12,1,43,4,1,35,1,38,1,1,100,2,120,5,1,15,2,38,4,1,7,2,4,4,1,30,2,25,4,1,25,2,43,4,1,35,2	20-37.tmx	10227	381	32	11227	381	32	12227	381	32	1103	30	2103	30	3103	30	20	0	0.3	5	4550	114,1,1,40,117,1,1,40,118,1,1,40,42,4,17,50,50,4,18,50	
228	제8관		99	23,7	1,999	5	204	2370	1	23,1,1,100,1,39,1,1,50,1,16,4,1,12,1,43,4,1,35,1,39,1,1,100,2,120,5,1,15,2,38,4,1,7,2,4,4,1,30,2,16,4,1,25,2,43,4,1,35,2	20-38.tmx	10228	383	32	11228	383	32	12228	383	32	1103	30	2103	30	3103	30	20	0	0.3	5	4550	114,1,1,40,117,1,1,40,118,1,1,40,42,4,17,50,49,4,18,50	
229	제9관		99	23,8	1,999	5	204	2380	1	24,1,1,100,1,32,1,1,50,1,19,4,1,12,1,43,4,1,35,1,32,1,1,100,2,120,5,1,15,2,38,4,1,7,2,4,4,1,30,2,19,4,1,25,2,43,4,1,35,2	20-39.tmx	10229	405	32	11229	405	32	12229	405	32	1103	30	2103	30	3103	30	20	0	0.3	5	4550	114,1,1,40,117,1,1,40,118,1,1,40,42,4,17,50,49,4,18,50	
230	제10관		99	23,9	1,999	5	204	2390	1	25,1,1,100,1,33,1,1,50,1,25,4,1,12,1,43,4,1,35,1,49,4,1,60,2,120,5,1,15,2,38,4,1,7,2,4,4,1,30,2,25,4,1,25,2,43,4,1,35,2	20-40.tmx	10230	388	32	11230	388	32	12230	388	32	1103	30	2103	30	3103	30	20	0	0.3	5	4550	114,1,1,40,117,1,1,40,118,1,1,40,42,4,17,50,38,4,27,80	
20000	제10관	124,125	99	15,9	1,999	0	0	0	0	0	15-10.tmx	74	90	32	75	90	32	76	90	32	1103	30	2103	30	3103	30	20	0	0.3	5	3445	0	
20001	제9관	134	99	16,8	1,999	0	0	0	0	0	16-09.tmx	85	90	32	86	90	32	87	90	32	1103	30	2103	30	3103	30	20	0	0.3	5	3535	0	